!  Star 160.27050.11                       RA  18 19 21.659   DEC  -25 24 25.55
#  210 observations from the production databases
#  Field inception date: 2646.0833
#  Pixel coordinate system: amp
#
#  Template         magnitude        chip coordinates        west-chunk
#     Red:            -9.999         1388.41,  361.96             17
#    Blue:           -10.150         1371.75,  341.36             91
#
!         Date    Obsid    Pier    Exposure     Checklist      Airmass             rMag   rErr  rDS rTF rCP rX2 rMP rCR  rA  rXpix  rYpix  rSky  rFWHM  rTobs r    bMag   bErr  bDS bTF bCP bX2 bMP bCR  bA  bXpix  bYpix  bSky  bFWHM  bTobs b  
      473.7748     5558    West         150       0x101bf       1.0151          -10.215  0.001    0   1   0 169   0   0   3  370.1  661.8  2026  4.165   7425 1 -10.208  0.002    0  10   0 238 219   0  12  342.8 1697.6  1213  4.381   7425 1  
      476.7656     5790    West         150       0x101bf       1.0151          -10.136  0.001    0   1   0 165   0   0   3  360.9  646.1  1795  3.535   7425 1 -10.194  0.001    0  10   0 207   0   0  12  358.1 1706.6  1193  3.676   7425 1  
      481.7824     6008    West         150       0x101bf       1.0300          -10.234  0.001    0   1   0 175   0   0   3  363.2  658.5  1830  3.442   7425 1 -10.299  0.003    0  10 255 227 247   0  12  345.9 1704.4  1307  3.450   7425 1  
      485.7388     6201    West         150       0x101bf       1.0151          -10.008  0.001    0   1   0 183   0   0   3  373.9  650.2  2046  3.011   7425 1 -10.074  0.001    0  10 255 234 195   0  12  354.7 1693.9  1431  3.117   7425 1  
      487.7776     6275    West         150       0x101bf       1.0433          -10.109  0.001    0   1   0 105   0   0   3  354.7  666.9  1966  4.023   7425 1 -10.193  0.001    0  10   0 191   0   0  12  338.1 1712.7  1198  4.176   7425 1  
      488.7964     6368    West         150       0x101bf       1.0807           -9.996  0.002    0   1   0 166   0   0   3  383.6  673.0  3273  4.362   7425 1 -10.064  0.002    0  10   0 197   0   0  12  331.7 1684.5  2794  4.591   7425 1  
      489.7588     6440    West         150       0x100bf       1.0282           -9.708  0.002    0   1   0 184   0   0   3  380.7  659.9  8901  3.315   7425 1  -9.740  0.006    0  10 255 187 248   0  12  345.5 1687.2 11196  3.407   7425 1  
      494.7746     6623    West         150       0x101bf       1.0694          -10.191  0.002    0   1   0 155   0   0   3  380.8  669.6 37726  4.494   7425 1 -10.292  0.002    0  10 255 202 197   0  12  335.5 1687.1 32049  4.503   7425 1  
      497.7656     6792    West         150       0x101bf       1.0678          -10.139  0.003    0   1  17  89   0   0   3  400.1  669.6  2812  6.982   7425 1 -10.212  0.003    0  10   0 123   0   0  12  335.9 1668.1  2237  7.176   7425 1  
      504.6823     7425    West         150       0x101bf       1.0156          -10.007  0.001    0   1 255 195 209   0   3  361.0  659.6  2046  2.698   7425 1 -10.197  0.002    0  10 255 176 247   0  12  346.7 1706.6  1284  2.777   7425 1  
      509.7125     7573    West         150       0x100bf       1.0372           -9.908  0.001    0   1   0 213   0   0   3  366.9  665.1  1948  3.594   7425 1  -9.962  0.001    0  10   0 239 179   0  12  341.1 1700.8  1260  3.767   7425 1  
      510.7448     7650    West         150       0x101bf       1.1009           -9.780  0.002    0   1   0 161   0   0   3  382.9  673.5  1971  4.492   7425 1  -9.875  0.002    0  10   0 188   0   0  12  332.2 1685.3  1160  4.637   7425 1  
      511.7338     7732    West         150       0x101bf       1.0814          -10.059  0.001    0   1 255 240 200   0   3  376.1  675.0  1857  2.905   7425 1 -10.153  0.001    0  10 255 253 227   0  12  331.2 1691.8  1080  3.007   7425 1  
      518.7378     7946    West         150       0x101bf       1.1422          -10.000  0.002    0   1   0 157   0   0   3  375.9  679.3 19533  3.979   7425 1 -10.102  0.002    0  10   0 191   0   0  12  326.6 1692.2 17273  4.096   7425 1  
      521.5818     8137    West          20       0x101bf       1.0711           -9.983  0.007    0   1   0 127   0   0   3  346.0  662.0  9934  3.578   7425 1  -9.947  0.016    0  10 255 106 246   0  12  344.8 1721.6  7670  3.621   7425 1  
      529.6447     8473    West         150       0x101bf       1.0245           -9.954  0.001    0   1   0 222   0   0   3  362.6  665.8  1811  3.583   7425 1 -10.046  0.001    0  10   0 249 153   0  12  340.4 1705.3  1180  3.772   7425 1  
      538.5978     8772    West         150       0x101bf       1.0153           -9.883  0.003    0   1  10 174   0   0   3  350.8  662.3  1308  6.044   7425 1  -9.931  0.003    0  10 255 175 224   0  12  343.8 1717.0   954  6.105   7425 1  
      543.5653     9261    West         150       0x101bf       1.0193           -9.774  0.001    0   1   0 242   0   0   3  346.6  656.4  2457  3.322   7425 1  -9.875  0.001    0  10   0 253 147   0  12  350.6 1720.9  2620  3.308   7425 1  
      555.5327     9484    West         150       0x101bf       1.0191           -9.865  0.001    0   1   0 178   0   0   3  343.2  662.4  2018  3.385   7425 1  -9.852  0.002    0  10 255 253 240   0  12  344.1 1724.3  1112  3.427   7425 1  
      571.5177    10326    West         150       0x101bf       1.0176           -9.416  0.002    0   1   0 181   0   0   3  348.4  665.5  2308  3.373   7425 1  -9.515  0.002    0  10   0 211 142   0  12  340.1 1719.2  2142  3.472   7425 1  
      573.5170    10479    West         150       0x101bf       1.0192           -9.898  0.002    0   1 255 157 204   0   3  355.1  659.7  7357  2.724   7425 1 -10.107  0.004    0  10 255 162 252   0  12  346.9 1712.6  6167  2.587   7425 1  
      582.4792    10864    West         150       0x101bf       1.0150           -9.680  0.002    0   1   0 140   0   0   3  360.4  651.7  2509  3.108   7425 1  -9.798  0.001    0  10   0 204   0   0  12  355.2 1707.3  2108  3.206   7425 1  
      585.5029    10918    West         150       0x101bf       1.0342           -9.454  0.002    0   1   0 210   0   0   3  353.4  657.7  1836  2.865   7425 1  -9.558  0.002    0  10   0 208 180   0  12  349.5 1714.1  1170  2.777   7425 1  
      882.6116    18762    West         150       0x101bf       1.0414           -9.693  0.002    0   1 255 198 220   0   3  338.9  660.8  1905  2.193   7425 1  -9.814  0.005    0  10 255 227 253   0  12  345.7 1729.3  1316  2.122   7425 1  
     1176.7847    29337    West         150       0x101bf       1.0775           -9.785  0.003    0   1   8  86   0   0   3  659.9 1724.4 10480  5.490   7425 1  -9.921  0.003    0  10   0 128   0   0  12  357.9 1729.3  7323  5.508   7425 1  
     1196.7645    30175    West         150       0x101bf       1.0273           -9.563  0.002    0   1   0 176   0   0   3  668.7 1713.7  2349  2.779   7425 1  -9.670  0.002    0  10   0 211 123   0  12  350.9 1718.9  1626  2.550   7425 1  
     1232.8088    31083    West         150       0x0013f       1.2432           -9.710  0.002    0   1   0 253 208   0   3  704.6 1698.8  6849  2.465   7425 1 -10.002  0.002    0  10 255 253 229   0  12  315.0 1704.1  5641  2.476   7425 1  
     1236.7562    31230    West         150       0x001bf       1.0982           -9.793  0.001    0   1 255 217 204   0   3  672.0 1715.0  2628  2.665   7425 1 -10.028  0.002    0  10 255 197 245   0  12  346.8 1720.4  1578  2.714   7425 1  
     1241.7254    31321    West         150       0x101bf       1.0619           -9.677  0.001    0   1   0 216   0   0   3  691.1 1706.6  2044  3.108   7425 1  -9.797  0.001    0  10   0 228   0   0  12  328.2 1712.1  1074  3.072   7425 1  
     1261.7372    31792    West         150       0x101bf       1.2810           -9.456  0.003    0   1   0 142   0   0   3  709.7 1713.6  4591  4.828   7425 1  -9.548  0.003    0  10   0 160   0   0  12  309.8 1719.1  4739  4.914   7425 1  
     1262.6574    31854    West         150       0x101bf       1.0451           -9.815  0.002    0   1   0 200   0   0   3  669.8 1708.8  2492  4.821   7425 1  -9.980  0.002    0  10   0 186 202   0  12  349.3 1714.3  2459  4.732   7425 1  
     1264.6604    31983    West         150       0x101bf       1.0582           -9.561  0.002    0   1   0 180   0   0   3  682.2 1706.3  2135  3.615   7425 1  -9.671  0.002    0  10   0 192   0   0  12  337.7 1711.7  1551  3.726   7425 1  
     1265.6189    32073    West         150       0x101bf       1.0178           -9.754  0.001    0   1   0 198   0   0   3  676.2 1709.7  1927  3.401   7425 1  -9.758  0.002    0  10 255 253 236   0  12  343.7 1715.1  1026  3.412   7425 1  
     1266.6455    32157    West         150       0x100bf       1.0437           -9.890  0.002    0   1   0 158   0   0   3  679.9 1707.3  1995  4.703   7425 1 -10.020  0.002    0  10   0 174 155   0  12  339.7 1712.8  1091  4.845   7425 1  
     1267.6022    32260    West         150       0x101bf       1.0149           -9.613  0.003    0   1 255 215 249   0   3  672.3 1710.2  2071  1.952   7425 1 -10.042  0.003    0  10 255 236 253   0  12  348.4 1715.5  1169  1.963   7425 1  
     1271.6611    32460    West         150       0x101bf       1.0992           -9.690  0.001    0   1   0 194   0   0   3  677.0 1712.7  1929  2.742   7425 1  -9.628  0.002    0  10 255 253 235   0  12  343.6 1717.8  1084  2.698   7425 1  
     1272.6950    32555    West         150       0x101bf       1.2225           -9.628  0.002    0   1   0 253   0   0   3  704.5 1705.7  2441  2.916   7425 1  -9.809  0.002    0  10   0 214   0   0  12  315.9 1711.1  1437  2.943   7425 1  
     1277.5209    32645    West         150       0x101bf       1.0553           -9.761  0.002    0   1   0 138   0   0   3  647.7 1723.7  2070  4.265   7425 1  -9.884  0.002    0  10   0 182   0   0  12  371.7 1728.9  1276  4.366   7425 1  
     1278.7145    32712    West         150       0x101bf       1.4305           -9.539  0.002    0   1   0 181   0   0   3  667.2 1689.8  2133  3.433   7425 1  -9.633  0.002    0  10   0 208 109   0  12  351.6 1695.7   955  3.442   7425 1  
     1294.5658    33123    West         150       0x101bf       1.0394           -9.820  0.002    0   1   0 183   0   0   3  679.7 1704.6  1401  4.664   7425 1  -9.946  0.002    0  10   0 197 168   0  12  340.5 1710.0   835  4.600   7425 1  
     1295.5534    33213    West         150       0x101bf       1.0288           -9.455  0.002    0   1   0 253   0   0   3  658.1 1712.7  1046  5.079   7425 1  -9.590  0.002    0  10   0 253   0   0  12  361.5 1717.8   652  4.888   7425 1  
     1301.4976    33456    West         150       0x101bf       1.0160           -9.744  0.001    0   1   0 253   0   0   3  690.7 1692.6  1556  2.508   7425 1  -9.798  0.001    0  10   0 253   0   0  12  330.6 1698.0  1081  2.191   7425 1  
     1302.5786    33528    West         150       0x101bf       1.1047           -9.679  0.001    0   1   0 204   0   0   3  675.4 1705.6  1628  2.518   7425 1  -9.601  0.004    0  10 255 241 253   0  12  345.2 1710.9   991  2.427   7425 1  
     1304.5474    33594    West         150       0x101bf       1.0520           -9.883  0.001    0   1   0 208   0   0   3  671.3 1708.2  1513  2.931   7425 1 -10.025  0.001    0  10   0 244 197   0  12  348.9 1713.6   996  2.830   7425 1  
     1306.5512    33714    West         150       0x101bf       1.0681           -9.657  0.002    0   1   0  93   0   0   3  679.6 1701.4  1461  4.706   7425 1  -9.744  0.002    0  10   0 168 183   0  12  340.9 1706.8   912  4.852   7425 1  
     1307.4922    33805    West         150       0x101bf       1.0149           -9.907  0.001    0   1   0 219   0   0   3  669.5 1709.1  1282  3.395   7425 1 -10.046  0.001    0  10   0 238 130   0  12  351.0 1714.4   860  3.115   7425 1  
     1310.4908    33973    West         150       0x101bf       1.0159           -9.862  0.001    0   1   0 253   0   0   3  680.4 1706.6  1768  3.018   7425 1  -9.962  0.001    0  10   0 253 155   0  12  340.5 1711.8  1865  2.733   7425 1  
     1315.4883    34346    West         150       0x101bf       1.0208           -9.678  0.002    0   1   0 213   0   0   3  696.6 1719.2 12192  3.449   7425 1  -9.798  0.002    0  10   0 218   0   0  12  324.5 1724.2 12735  3.025   7425 1  
     1316.4896    34462    West         150       0x0003f       1.0235           -9.634  0.001    0   1   0 253   0   0   3  685.8 1705.0  8877  2.224   7425 1  -9.407  0.002    0  10   0 253 129  79  12  335.4 1710.2 12187  1.873   7425 1  
     1317.4938    34574    West         150       0x101bf       1.0293           -9.831  0.002    0   1   0 253   0   0   3  684.6 1695.1 12374  2.235   7425 1     -99    -99  999 999 999 999 999 999  13 1023.0 2048.0     0  0.000   7425 0  
     1318.5061    34658    West         150       0x101bf       1.0473           -9.791  0.001    0   1   0 253   0   0   3  680.2 1700.1  3112  2.417   7425 1  -9.810  0.001    0  10   0 253 144   0  12  340.8 1705.4  4364  2.283   7425 1  
     1319.5089    34763    West         150       0x101af       1.0559           -9.676  0.001    0   1   0 229   0   0   3  686.3 1689.9  1910  2.939   7425 1  -9.802  0.001    0  10   0 253   0   0  12  334.7 1695.3  2856  2.603   7425 1  
     1320.4928    34874    West         150       0x101bf       1.0371           -9.770  0.002    0   1   0 243   0   0   3  681.4 1696.3  2763  2.530   7425 1  -9.883  0.002    0  10   0 253 113   0  12  339.8 1701.6  2229  2.347   7425 1  
     1335.4590    35946    West         150       0x101bf       1.0462           -9.846  0.002    0   1   0 119   0   0   3  677.3 1700.0  1979  3.562   7425 1  -9.918  0.002    0  10   0 228 210   0  12  342.3 1705.3  1381  3.515   7425 1  
     1575.7386    41972    West         150       0x000bd       1.0192           -9.790  0.002    0   1   0 143   0   0   3  663.8 1717.2  1973  4.377   7425 1  -9.890  0.002    0  10   0 185   0   0  12  355.3 1722.4  1209  4.435   7425 1  
     1576.7657    42094    West         150       0x101bf       1.0173          -10.117  0.001    0   1   0 174   0   0   3  677.3 1717.5  2161  3.632   7425 1 -10.163  0.001    0  10   0 251 188   0  12  341.5 1722.6  1295  3.631   7425 1  
     1577.7515    42205    West         150       0x000bf       1.0149          -10.096  0.001    0   1   0 161   0   0   3  671.1 1714.3  2548  3.908   7425 1 -10.228  0.002    0  10 255 206 232   0  12  347.5 1719.8  1287  3.925   7425 1  
     1578.7374    42319    West         150       0x101af       1.0164           -9.771  0.001    0   1   0 195   0   0   3  671.8 1714.7  2080  3.686   7425 1  -9.907  0.002    0  10 255 228 240   0  12  347.0 1720.2  1316  3.255   7425 1  
     1594.7636    42878    West         150       0x101bf       1.0706          -10.130  0.002    0   1 255 219 239   0   3  633.6 1701.0  2523  2.410   7425 1 -10.267  0.002    0  10 255 245 238   0  12  384.5 1706.8  1290  2.485   7425 1  
     1596.7086    43056    West         150       0x101bf       1.0164          -10.064  0.001    0   1   0 151   0   0   3  675.6 1708.0  2173  4.035   7425 1 -10.007  0.002    0  10 255 243 232   0  12  343.6 1713.6  1229  4.029   7425 1  
     1600.7309    43253    West         150       0x101bf       1.0438          -10.091  0.001    0   1   0 178   0   0   3  685.8 1703.8  1500  4.390   7425 1 -10.179  0.001    0  10   0 203   0   0  12  333.4 1709.5   973  4.159   7425 1  
     1601.7053    43355    West         150       0x101bf       1.0212          -10.165  0.002    0   1 255 215 236   0   3  688.3 1706.5  2146  2.603   7425 1 -10.201  0.002    0  10 255 253 236   0  12  331.2 1712.1  1256  2.522   7425 1  
     1604.6792    43573    West         150       0x101bf       1.0149          -10.125  0.002    0   1 255 220 251   0   3  682.1 1709.4  2156  2.189   7425 1 -10.207  0.003    0  10 255 236 253   0  12  337.8 1714.8  1267  1.876   7425 1  
     1605.6972    43696    West         150       0x101bf       1.0231           -9.957  0.002    0   1 255 202 234   0   3  689.6 1709.6  2357  2.640   7425 1 -10.019  0.002    0  10 255 240 234   0  12  330.3 1715.1  1210  2.689   7425 1  
     1606.6586    43816    West         150       0x000fd       1.0172           -9.877  0.002    0   1 255 185 234   0   3  660.7 1714.4  2086  2.577   7425 1 -10.028  0.002    0  10 255 245 235   0  12  358.8 1719.9  1255  2.374   7425 1  
     1607.7729    43920    West         150       0x101bf       1.2025          -10.145  0.002    0   1   0 136   0   0   3  700.7 1698.3  2362  3.684   7425 1 -10.219  0.002    0  10   0 183   0   0  12  319.1 1704.0  1401  3.743   7425 1  
     1608.8051    44007    West         150       0x101bf       1.3896          -10.075  0.003    0   1  12  84   0   0   3  697.3 1697.3  1690  6.315   7425 1 -10.171  0.002    0  10   0 160   0   0  12  322.2 1703.1   886  6.292   7425 1  
     1609.6392    44087    West         150       0x101bf       1.0233           -9.720  0.003    0   1 255 199 250   0   3  653.0 1719.2  3440  2.074   7425 1  -9.523  0.002    0  10 255 253 224   0  12  366.6 1724.6  3635  1.808   7425 1  
     1610.6216    44199    West         150       0x101bf       1.0376          -10.119  0.003    0   1 255 207 251   0   3  648.9 1723.6  4977  2.099   7425 1 -10.251  0.002    0  10 255 253 247   0  12  370.7 1729.1  5508  1.828   7425 1  
     1618.6989    44626    West         150       0x000b7       1.0722          -10.097  0.002    0   1 255 181 243   0   3  687.9 1705.1  2753  2.677   7425 1 -10.212  0.002    0  10 255 231 228   0  12  331.7 1710.8  2033  2.812   7425 1  
     1619.6622    44710    West         150       0x101bf       1.0255           -9.839  0.001    0   1   0 164   0   0   3  674.7 1702.2  2511  3.330   7425 1  -9.738  0.003    0  10 255 236 246   0  12  344.7 1708.0  1772  3.347   7425 1  
     1620.7467    44798    West         150       0x101bf       1.2431           -9.728  0.004    4   1  19 245   0   0   3  696.1 1711.5 -2988  7.962   7425 1  -9.894  0.002    0  10   0 234   0   0  12  323.5 1717.2   324  7.303   7425 1  
     1620.7558    44801    West         150       0x101bf       1.2894           -9.749  0.004    0   1  18 206   0   0   3  704.7 1709.2   185  7.767   7425 1  -9.922  0.003    0  10   0 211   0   0  12  315.0 1714.9   759  6.961   7425 1  
     1621.6299    44882    West         150       0x101bf       1.0148          -10.089  0.001    0   1   0 209   0   0   3  664.1 1712.5  1283  4.085   7425 1 -10.184  0.001    0  10   0 232   0   0  12  355.9 1718.1   994  3.762   7425 1  
     1622.7209    45000    West         150       0x101bf       1.1610          -10.007  0.001    0   1   0 190   0   0   3  693.8 1702.3  1560  4.080   7425 1 -10.106  0.001    0  10   0 211   0   0  12  326.2 1708.0  1030  3.813   7425 1  
     1623.7251    45115    West         150       0x101bf       1.1861           -9.733  0.001    0   1   0 171   0   0   3  683.0 1709.1  2091  3.229   7425 1  -9.840  0.001    0  10   0 225   0   0  12  336.8 1714.7  1181  3.123   7425 1  
     1631.6263    45375    West         150       0x101bf       1.0231           -9.990  0.002    0   1 255 196 233   0   3  673.6 1704.1  2084  2.735   7425 1 -10.191  0.003    0  10 255 181 253   0  12  346.9 1709.5  1147  2.651   7425 1  
     1632.6240    45495    West         150       0x101bf       1.0235           -9.949  0.002    0   1 255 186 232   0   3  680.7 1706.4  2060  2.636   7425 1 -10.090  0.002    0  10 255 239 233   0  12  339.8 1711.8  1195  2.553   7425 1  
     1635.6160    45604    West         150       0x101bf       1.0236          -10.025  0.002    0   1   0 130   0   0   3  669.9 1701.9  1456  5.496   7425 1 -10.137  0.002    0  10   0 161 177   0  12  350.5 1707.4  1051  5.228   7425 1  
     1648.6133    46029    West         150       0x101bf       1.0652           -9.919  0.001    0   1 255 168 205   0   3  684.3 1694.6  2116  2.933   7425 1 -10.039  0.001    0  10 255 238 206   0  12  335.9 1700.3  1411  2.879   7425 1  
     1649.6901    46122    West         150       0x101bf       1.3687           -9.979  0.001    0   1   0 178   0   0   3  700.7 1694.5  2378  4.100   7425 1 -10.081  0.002    0  10   0 200   0   0  12  319.2 1700.4  1402  4.386   7425 1  
     1650.5982    46196    West         150       0x101bf       1.0492           -9.656  0.002    0   1   0 193   0   0   3  682.4 1699.8  2638  2.730   7425 1  -9.729  0.002    0  10   0 207   0   0  12  337.7 1705.5  1677  2.523   7425 1  
     1680.5379    46884    West         150       0x101bf       1.0902           -9.852  0.001    0   1   0 182   0   0   3  649.7 1695.8  1613  3.634   7425 1  -9.994  0.001    0  10   0 209   0   0  12  369.9 1701.7  1085  3.517   7425 1  
     1681.5191    46994    West         150       0x101bf       1.0582           -9.428  0.002    0   1   0 135   0   0   3  657.3 1701.1  1442  4.094   7425 1  -9.543  0.002    0  10   0 180   0   0  12  362.8 1706.8  1019  3.950   7425 1  
     1682.5121    47114    West         150       0x101bf       1.0513           -9.785  0.002    0   1 255 183 230   0   3  653.9 1697.4  1903  2.703   7425 1  -9.820  0.001    0  10   0 253 209   0  12  366.4 1703.1  1141  2.583   7425 1  
     1683.5496    47235    West         150       0x101bf       1.1450           -9.905  0.003    0   1   8  94   0   0   3  657.2 1699.0  2188  6.180   7425 1 -10.041  0.002    0  10   0 138   0   0  12  363.2 1704.7  1222  6.427   7425 1  
     1684.5131    47320    West         150       0x101bf       1.0621           -9.634  0.002    0   1   0 130   0   0   3  657.6 1697.0  1834  4.576   7425 1  -9.756  0.002    0  10   0 175   0   0  12  363.0 1702.6  1232  4.478   7425 1  
     1685.4945    47409    West         150       0x101bf       1.0383           -9.721  0.002    0   1   0 157   0   0   3  654.8 1706.2  1924  4.294   7425 1  -9.840  0.002    0  10   0 236   0   0  12  365.9 1711.5  1162  4.358   7425 1  
     1691.5861    47755    West         150       0x0013f       1.4452           -9.743  0.001    0   1   0 175   0   0   3  660.7 1699.4  1972  3.588   7425 1  -9.883  0.001    0  10   0 213   0   0  12  358.4 1705.5  1059  3.716   7425 1  
     1921.7889    55115    West         150       0x101bf       1.0205           -9.878  0.003    0   1   9 122   0   0   3  639.4 1715.6  2027  6.077   7425 1 -10.014  0.003    0  10   0 140   0   0  12  378.3 1720.9  1312  6.346   7425 1  
     1922.7809    55204    West         150       0x101bf       1.0240           -9.815  0.002    0   1   0 124   0   0   3  635.4 1716.6  1856  4.301   7425 1  -9.956  0.002    0  10   0 175   0   0  12  382.4 1722.1  1148  4.289   7425 1  
     1928.7401    55594    West         150       0x0012f       1.0520           -9.903  0.001    0   1   0 159   0   0   3  663.4 1718.6  1890  3.766   7425 1 -10.049  0.001    0  10   0 215   0   0  12  354.1 1723.6  1235  3.753   7425 1  
     1931.7594    55801    West         150       0x101bf       1.0219           -9.803  0.002    0   1 255 206 233   0   3  637.5 1717.3  1804  2.486   7425 1  -9.942  0.002    0  10 255 251 236   0  12  380.0 1722.6  1193  2.166   7425 1  
     1941.7536    56118    West         150       0x101bf       1.0149           -9.752  0.003    0   1 255 143 244   0   3  657.0 1709.2 17285  2.428   7425 1  -9.816  0.002    0  10 255 253 217  40  12  360.7 1714.6 12982  2.259   7425 1  
     1942.7407    56223    West         150       0x001bf       1.0165           -9.901  0.003    0   1 255 186 243   0   3  650.5 1714.9 20180  2.163   7425 1 -10.026  0.002    0  10 255 253 242   1  12  367.6 1720.2 14227  1.888   7425 1  
     1942.7501    56224    West         150       0x101bf       1.0149           -9.824  0.004    0   1 255 182 251   0   3  652.2 1714.0 19114  2.048   7425 1  -9.403  0.002   21  10   0 253 226   0  12  365.9 1719.2 13436  2.022   7425 1  
     1943.7743    56335    West         150       0x101bf       1.0253           -9.704  0.002    0   1   0 173   0   0   3  641.2 1720.1  5831  3.846   7425 1  -9.842  0.002    0  10   0 190   0   0  12  376.3 1725.3  4735  3.737   7425 1  
     1944.8107    56403    West         150       0x101bf       1.0819           -9.685  0.001    0   1   0 193   0   0   3  648.8 1699.7  3944  3.123   7425 1  -9.817  0.001    0  10   0 234   0   0  12  368.7 1705.2  3079  2.879   7425 1  
     1945.7540    56492    West         150       0x001bf       1.0168           -9.861  0.001    0   1 255 203 214   0   3  636.1 1721.0  2514  2.571   7425 1 -10.028  0.002    0  10 255 240 230   0  12  381.4 1726.2  2016  2.476   7425 1  
     1946.7428    56599    West         150       0x001bd       1.0150           -9.807  0.003    0   1   0 192   0   0   3  642.3 1718.5  4368  2.308   7425 1  -9.965  0.003    0  10   0 177   0   0  12  375.5 1723.6  3028  2.086   7425 1  
     1948.8148    56709    West         150       0x001b7       1.1192           -9.698  0.002    0   1   0 253   0   0   3  669.7 1693.7   566  4.682   7425 1  -9.824  0.002    0  10   0 253 212   0  12  348.6 1699.3   -95  5.783   7425 1  
     1952.7776    56835    West         150       0x0013f       1.0600           -9.868  0.002    0   1   0 154   0   0   3  664.0 1695.7  2018  4.281   7425 1 -10.006  0.002    0  10   0 201   0   0  12  354.0 1701.4  1044  4.495   7425 1  
     1953.7454    56945    West         150       0x001b7       1.0240           -9.804  0.002    0   1   0 143   0   0   3  660.9 1708.4  1702  4.569   7425 1  -9.937  0.002    0  10   0 185   0   0  12  357.9 1713.9   981  4.606   7425 1  
     1954.7434    57054    West         150       0x101bf       1.0245           -9.438  0.002    0   1   0 100   0   0   3  658.7 1712.3  1807  4.397   7425 1  -9.541  0.002    0  10   0 161   0   0  12  359.9 1717.8  1039  4.386   7425 1  
     1956.6918    57169    West         150       0x101bf       1.0214           -9.866  0.001    0   1   0 193   0   0   3  653.2 1714.6  1843  3.162   7425 1  -9.965  0.001    0  10   0 253   0   0  12  366.1 1719.9  1140  3.087   7425 1  
     1958.7283    57344    West         150       0x0003d       1.0216           -9.733  0.001    0   1   0 208   0   0   3  661.6 1714.5  2453  3.286   7425 1  -9.864  0.001    0  10   0 228   0   0  12  357.4 1719.9  1241  3.348   7425 1  
     1970.6634    57545    West         150       0x000bf       1.0167           -9.775  0.002    0   1   0 236   0   0   3  645.1 1716.6  9198  3.154   7425 1  -9.955  0.001    0  10   0 213   0   0  12  374.1 1721.9  8371  3.032   7425 1  
     1972.6751    57627    West         150       0x101bf       1.0154           -9.806  0.002    0   1 255 207 239   0   3  640.3 1715.5  3317  2.240   7425 1  -9.894  0.002    0  10 255 253 222   0  12  378.8 1720.9  2912  2.095   7425 1  
     1974.7412    57738    West         150       0x101bf       1.1120           -9.682  0.002    0   1 255 211 205   0   3  636.0 1709.1  2332  2.690   7425 1  -9.828  0.002    0  10 255 249 209   0  12  382.2 1714.8  1710  2.470   7425 1  
     1975.6489    57807    West         150       0x101bf       1.0171           -9.730  0.001    0   1   0 160   0   0   3  637.6 1709.1  2339  3.454   7425 1  -9.858  0.002    0  10   0 197   0   0  12  381.1 1714.8  1409  3.569   7425 1  
     1993.7046    59249    West         150       0x101bf       1.1586           -9.831  0.002    0   1   0 159   0   0   3  652.4 1718.1  3882  4.026   7425 1  -9.961  0.002    0  10   0 229   0   0  12  366.8 1723.4  3652  4.091   7425 1  
     1994.6279    59337    West         150       0x101bf       1.0203           -9.810  0.001    0   1   0 170   0   0   3  655.2 1714.2  5376  2.999   7425 1  -9.931  0.001    0  10   0 253   0   0  12  364.5 1719.5  5841  2.932   7425 1  
     1999.5700    59624    West         150       0x101bf       1.0246           -9.700  0.002    0   1 255 195 223   0   3  648.2 1709.5  4875  2.113   7425 1  -9.745  0.003    0  10 255 253 244   0  12  372.2 1714.8  5238  1.853   7425 1  
     2008.5721    59919    West         150       0x101bf       1.0149           -9.714  0.001    0   1   0 170   0   0   3  652.4 1708.9  2137  2.944   7425 1     -99    -99  999 999 999 999 999 999  -1    -99    -99   -99    -99      0 0  
     2009.5769    60027    West         150       0x0003d       1.0161           -9.679  0.001    0   1   0 172   0   0   3  651.3 1707.7  1576  3.267   7425 1  -9.820  0.001    0  10   0 212   0   0  12  368.5 1713.1  1068  3.068   7425 1  
     2012.6123    60333    West         150       0x0003d       1.0575           -9.695  0.002    0   1 255 217 224   0   3  657.0 1704.7  2084  2.045   7425 1  -9.797  0.002    0  10 255 253 228   0  12  363.0 1710.1  1153  1.812   7425 1  
     2026.5533    61173    West         150       0x101bf       1.0301           -9.680  0.002    0   1   0 165   0   0   3  652.1 1708.1 13192  3.184   7425 1  -9.783  0.002    0  10   0 218   0   0  12  367.9 1713.5 13110  3.403   7425 1  
     2027.5134    61261    West         150       0x101bf       1.0153           -9.843  0.002    0   1 255 182 237   0   3  632.3 1707.9  8543  2.341   7425 1  -9.969  0.002    0  10 255 231 215   0  12  387.8 1713.3  8285  2.373   7425 1  
     2028.4976    61340    West         150       0x101bf       1.0201           -9.840  0.001    0   1   0 200   0   0   3  641.4 1708.3  3702  2.978   7425 1  -9.986  0.001    0  10   0 216   0   0  12  379.0 1713.7  4185  2.967   7425 1  
     2029.5154    61464    West         150       0x101bf       1.0149           -9.589  0.001    0   1   0 253   0   0   3  643.7 1705.8  2736  2.344   7425 1  -9.812  0.002    0  10 255 253 208   0  12  376.6 1711.2  2720  2.434   7425 1  
     2033.4963    61602    West         150       0x101bb       1.0155           -9.510  0.002    0   1   0 253   0   0   3  643.3 1701.5  1968  3.070   7425 1  -9.676  0.002    0  10   0 201   0   0  12  377.0 1706.9  1183  3.156   7425 1  
     2037.5387    62013    West         150       0x101bf       1.0491           -9.753  0.002    0   1 255 189 202   0   3  650.3 1704.1  1932  2.747   7425 1  -9.894  0.001    0  10   0 236   0   0  12  369.6 1709.6  1118  2.859   7425 1  
     2040.5299    62307    West         150       0x101bf       1.0483           -9.688  0.002    0   1 255 200 232   0   3  659.4 1708.9  1929  2.401   7425 1  -9.829  0.001    0  10   0 253   0   0  12  361.1 1714.2  1086  2.490   7425 1  
     2046.4950    62526    West         150       0x101bf       1.0268           -9.705  0.003    0   1   2 102   0   0   3  653.0 1707.1  2470  5.747   7425 1  -9.826  0.003    0  10   0 141   0   0  12  367.1 1712.6  1521  5.991   7425 1  
     2055.5026    63173    West         150       0x101bf       1.0717           -9.897  0.002    0   1   0 160   0   0   3  655.9 1704.1  7736  3.932   7425 1 -10.027  0.002    0  10   0 195   0   0  12  364.1 1709.6 10633  4.106   7425 1  
     2057.4931    63375    West         150       0x101bf       1.0640           -9.677  0.002    0   1 255 201 238   0   3  653.5 1702.9  3436  2.175   7425 1  -9.727  0.002    0  10 255 253 215   0  12  366.9 1708.2  4040  2.150   7425 1  
     2285.7675    70167    West         150       0x101bf       1.0442           -9.680  0.001    0   1 255 250 202   0   3  653.2 1726.3  2129  2.734   7425 1  -9.795  0.001    0  10 255 253 211   0  12  362.8 1731.1  1380  2.557   7425 1  
     2287.7932    70363    West         150       0x000bf       1.0172           -9.897  0.002    0   1 255 228 222   0   3  661.6 1723.9  2245  2.928   7425 1 -10.017  0.001    0  10   0 253 193   0  12  354.5 1728.8  1276  3.058   7425 1  
     2294.7986    70609    West         150       0x001bb       1.0171           -9.872  0.001    0   1   0 218   0   0   3  654.0 1710.9  4990  3.361   7425 1 -10.012  0.001    0  10   0 213   0   0  12  362.9 1716.3  5066  3.396   7425 1  
     2308.7477    70953    West         150       0x001bf       1.0149           -9.819  0.002    0   1   0 231   0   0   3  675.4 1717.0  1857  3.875   7425 1  -9.898  0.002    0  10   0 234 201   0  12  341.8 1722.2  1290  3.801   7425 1  
     2318.6714    71184    West         150       0x000bf       1.0528           -9.816  0.002    0   1   0 206   0   0   3  660.8 1656.7  3181  5.802   7425 1  -9.982  0.002    0  10   0 169   0   0  12  356.8 1662.9  3512  5.483   7425 1  
     2319.7067    71289    West         150       0x001bf       1.0169           -9.682  0.002    0   1   0 187   0   0   3  667.4 1717.6  4366  3.858   7425 1  -9.802  0.002    0  10   0 180 167   0  12  350.4 1722.9  4416  3.904   7425 1  
     2327.8108    71417    West         150       0x001bf       1.2466           -9.738  0.002    0   1   0 219   0   0   3  681.0 1688.9  4205  3.534   7425 1  -9.855  0.002    0  10   0 216   0   0  12  337.1 1694.4  3247  3.538   7425 1  
     2328.7442    71516    West         150       0x001bf       1.0545           -9.903  0.001    0   1   0 201   0   0   3  698.3 1712.6  2695  3.472   7425 1 -10.044  0.001    0  10   0 219   0   0  12  320.5 1717.4  1959  3.440   7425 1  
     2330.6448    71631    West         150       0x001bf       1.0436           -9.702  0.002    0   1   0 205   0   0   3  645.8 1713.6  2020  4.143   7425 1  -9.856  0.002    0  10   0 181   0   0  12  372.1 1719.0  1198  4.091   7425 1  
     2331.6617    71732    West         150       0x001bf       1.0234           -9.879  0.002    0   1   0 196   0   0   3  656.8 1719.5  2224  5.478   7425 1 -10.020  0.002    0  10   0 151   0   0  12  361.2 1724.7  1128  5.689   7425 1  
     2335.6202    71906    West         150       0x001bf       1.0606           -9.817  0.001    0   1   0 253   0   0   3  643.7 1656.1  1942  3.321   7425 1 -10.001  0.001    0  10   0 240   0   0  12  374.5 1662.3  1110  3.261   7425 1  
     2336.6377    72009    West         150       0x001bf       1.0324           -9.669  0.001    0   1   0 253   0   0   3  660.8 1708.6  2009  2.306   7425 1  -9.843  0.002    0  10 255 253 242   0  12  357.4 1713.9  1246  1.992   7425 1  
     2337.7279    72114    West         150       0x001bf       1.0691           -9.580  0.002    0   1   0 224   0   0   3  688.9 1707.5  1987  3.906   7425 1  -9.697  0.002    0  10   0 204   0   0  12  329.4 1712.7   974  3.986   7425 1  
     2338.6494    72194    West         150       0x001bf       1.0192           -9.775  0.001    0   1   0 253 105  62   3  660.2 1721.7  1960  2.406   7425 1 -10.037  0.002    0  10 255 253 237   0  12  358.3 1726.7  1133  2.399   7425 1  
     2345.6004    72389    West         150       0x001bf       1.0484           -9.877  0.001    0   1   0 253   0   0   3  658.6 1717.0  2307  2.740   7425 1 -10.060  0.002    0  10 255 253 229   0  12  359.9 1722.0  2199  2.611   7425 1  
     2346.6262    72489    West         150       0x001bf       1.0198           -9.702  0.001    0   1   0 232   0   0   3  666.5 1708.5  2583  3.079   7425 1  -9.803  0.001    0  10   0 249  90   0  12  352.2 1713.7  2560  2.986   7425 1  
     2349.6132    72587    West         150       0x101bf       1.0228           -9.812  0.002    0   1   0 208   0   0   3  651.0 1711.9  4777  4.019   7425 1  -9.938  0.002    0  10   0 242   0   0  12  367.0 1717.2  5596  3.918   7425 1  
     2350.5712    72698    West         150       0x101bf       1.0756           -9.677  0.002    0   1   0 203   0   0   3  664.3 1715.6  7118  3.432   7425 1  -9.800  0.002    0  10   0 193   0   0  12  354.2 1720.9  8658  3.462   7425 1  
     2357.5891    73007    West         150       0x001bf       1.0244           -9.430  0.002    0   1   0 232   0   0   3  677.3 1719.6  1923  4.215   7425 1  -9.541  0.002    0  10   0 195 177   0  12  340.9 1724.9  1584  4.074   7425 1  
     2358.5823    73129    West         150       0x000bf       1.0279           -9.830  0.001    0   1   0 203   0   0   3  661.2 1714.1  2342  3.431   7425 1  -9.961  0.001    0  10   0 216   0   0  12  357.0 1719.4  1330  3.467   7425 1  
     2366.6073    73350    West         150       0x101bf       1.0196           -9.806  0.001    0   1   0 253   0   0   3  666.4 1714.1  1801  2.443   7425 1  -9.981  0.002    0  10 255 253 238   0  12  352.3 1719.4  1123  2.262   7425 1  
     2367.5383    73449    West         150       0x101bf       1.0513           -9.650  0.001    0   1   0 253   0   0   3  671.7 1709.6  2004  2.251   7425 1 -10.070  0.003    0  10 255 210 252   0  12  347.4 1714.9  1281  2.034   7425 1  
     2371.5162    73623    West         150       0x001bf       1.0708           -9.609  0.002    0   1   0 226   0   0   3  644.9 1712.5  3443  3.598   7425 1  -9.741  0.002    0  10   0 165   0   0  12  374.0 1717.9  2350  3.480   7425 1  
     2372.5972    73737    West         150       0x001bf       1.0236           -9.859  0.001    0   1   0 253   0   0   3  683.5 1716.5  1871  2.895   7425 1  -9.995  0.001    0  10   0 253   0   0  12  335.2 1721.8  1059  2.852   7425 1  
     2373.5640    73841    West         150       0x001bf       1.0155           -9.766  0.001    0   1   0 253   0   0   3  668.9 1712.9  2061  2.367   7425 1  -9.933  0.001    0  10 255 253 222   0  12  350.0 1718.2  1649  2.119   7425 1  
     2377.5121    74027    West         150       0x101bf       1.0496           -9.620  0.001    0   1   0 221   0   0   3  663.1 1713.4  4850  2.975   7425 1  -9.709  0.002    0  10   0 226   0   0  12  356.2 1718.5  4772  2.763   7425 1  
     2378.4838    74144    West         150       0x101bf       1.1002           -9.745  0.002    0   1   0 192   0   0   3  654.9 1710.4  9520  4.112   7425 1  -9.868  0.002    0  10   0 216   0   0  12  364.3 1715.6  9030  3.986   7425 1  
     2381.5131    74250    West         150       0x001bf       1.0342           -9.670  0.001    0   1   0 253   0   0   3  662.7 1708.2 10795  2.688   7425 1  -9.803  0.002    0  10   0 233   0   0  12  356.2 1713.6 10363  2.723   7425 1  
     2383.5107    74465    West         150       0x101bf       1.0309           -9.866  0.003    0   1   0 185   0   0   3  648.6 1705.5 18625  1.815   7425 1  -9.999  0.003    0  10   0 202   0   0  12  370.7 1710.9 12405  1.636   7425 1  
     2385.6913    74517    West         150       0x101bf       1.4985           -9.519  0.002    0   1   0 217   0   0   3  718.7 1715.8  2807  4.196   7425 1  -9.619  0.002    0  10   0 170   0   0  12  300.6 1721.2  2535  4.535   7425 1  
     2386.5549    74589    West         150       0x101bf       1.0209           -9.885  0.001    0   1   0 253   0   0   3  683.0 1711.1  2188  2.758   7425 1 -10.033  0.001    0  10   0 251   0   0  12  336.5 1716.3  1264  2.839   7425 1  
     2387.6465    74695    West         150       0x100bf       1.2454           -9.783  0.001    0   1   0 253   0   0   3  702.3 1711.4  2251  2.387   7425 1  -9.994  0.001    0  10 255 253 204   0  12  316.9 1716.8  1558  2.396   7425 1  
     2390.5747    74766    West         150       0x101bf       1.0545              -99    -99  999 999 999 999 999 999  -1    -99    -99   -99    -99      0 0 -10.002  0.001    0  10   0 248   0   0  12  334.4 1714.2   965  3.012   7425 1  
     2401.5197    74916    West         150       0x100bf       1.0250           -9.727  0.001    0   1   0 238   0   0   3  665.1 1703.0  1931  2.878   7425 1     -99    -99  999 999 999 999 999 999  -1    -99    -99   -99    -99      0 0  
     2402.5533    75030    West         150       0x101bf       1.0755           -9.576  0.002    0   1   0 210   0   0   3  673.8 1703.6  2125  3.129   7425 1  -9.537  0.004    0  10 255 213 250   0  12  345.1 1709.1  1541  3.107   7425 1  
     2411.4943    75325    West         150       0x001bf       1.0265           -9.740  0.001    0   1   0 253   0   0   3  670.3 1700.9  4025  2.586   7425 1  -9.867  0.001    0  10   0 253 183   0  12  349.5 1706.1  5067  2.585   7425 1  
     2429.5702    75888    West         150       0x101bf       1.4920           -9.640  0.002    0   1   0 227   0   0   3  695.5 1703.6  2011  4.055   7425 1  -9.789  0.002    0  10   0 192   0   0  12  323.5 1709.1   918  4.215   7425 1  
     2655.7672    81691    West         150       0x101bf       1.0283          -10.336  0.002    0   1 255 184 238   0   3  305.0  664.5  2666  3.155   7425 1 -10.483  0.002    0  10 255 220 247   0  12  346.4 1746.7  1834  3.177   7425 1  
     2656.7978    81813    West         150       0x101bf       1.0151          -10.160  0.003    0   1 255 215 252   0   3  305.1  674.3  2466  2.138   7425 1 -10.148  0.002    0  10 255 250 253   0  12  336.9 1746.5  1585  1.886   7425 1  
     2657.7608    81878    West         150       0x101bf       1.0291           -9.845  0.001    0   1 255 221 206   0   3  285.7  679.6  2254  2.891   7425 1  -9.928  0.001    0  10   0 253   0   0  12  332.0 1765.6  1455  2.861   7425 1  
     2664.7561    82384    West         150       0x101bf       1.0189           -9.967  0.002    0   1   0 155   0   0   3  306.2  650.2  1960  4.315   7425 1  -9.969  0.002    0  10   0 193   0   0  12  360.7 1745.5  1294  4.463   7425 1  
     2666.7585    82579    West         150       0x101bf       1.0159          -10.342  0.001    0   1   0 213   0   0   3  310.5  661.4  1820  3.871   7425 1 -10.425  0.001    0  10   0 213 195   0  12  349.4 1741.5  1292  4.002   7425 1  
     2667.7917    82695    West         150       0x101bf       1.0264          -10.101  0.001    0   1   0 253   0   0   3  311.5  663.4  2037  3.275   7425 1 -10.243  0.002    0  10 255 192 242   0  12  347.7 1740.5  1374  3.308   7425 1  
     2668.7872    82800    West         150       0x100bf       1.0250           -9.982  0.002    0   1   0 120   0   0   3  308.1  677.0  1828  4.913   7425 1 -10.063  0.002    0  10   0 195   0   0  12  334.3 1743.9  1258  5.074   7425 1  
     2669.7871    82912    West         150       0x101bf       1.0272          -10.361  0.001    0   1   0 253   0   0   3  271.0  675.7  1853  3.727   7425 1 -10.444  0.001    0  10 255 243 214   0  12  335.6 1780.4  1250  3.817   7425 1  
     2675.7922    83182    West         150       0x101bf       1.0534          -10.092  0.001    0   1   0 253   0   0   3  308.7  658.6  5403  3.055   7425 1 -10.192  0.002    0  10 255 237 228   0  12  352.5 1743.3  7309  3.083   7425 1  
     2677.7321    83353    West         150       0x101bf       1.0152          -10.195  0.002    0   1   0 163   0   0   3  305.7  646.4  8559  4.096   7425 1 -10.234  0.002    0  10   0 244   0   0  12  365.0 1746.3  8885  4.263   7425 1  
     2678.7041    83461    West         150       0x101bf       1.0285          -10.030  0.001    0   1   0 243   0   0   3  359.0  660.1  5612  3.274   7425 1 -10.053  0.002    0  10 255 238 192   0  12  351.8 1693.6  6558  3.319   7425 1  
     2679.6970    83593    West         150       0x101bf       1.0328          -10.186  0.001    0   1   0 253   0   0   3  358.4  652.1 12740  3.505   7425 1 -10.313  0.001    0  10 255 241 181   0  12  360.1 1694.1 11133  3.559   7425 1  
     2681.7556    83810    West         150       0x101bf       1.0283          -10.006  0.011    0   1   0 107   0   0   3  309.5  667.7 47195  2.741   7425 1  -9.740  0.025    0  10 255 130 244   0  12  344.2 1742.3 32443  2.719   7425 1  
     2686.7334    84144    West         150       0x101bf       1.0216          -10.191  0.001    0   1   0 253 142  89   3  312.3  667.2  1815  3.040   7425 1 -10.231  0.002    0  10 255 253 245   0  12  344.5 1739.5  1274  2.967   7425 1  
     2690.7551    84393    West         150       0x101bf       1.0598          -10.182  0.001    0   1   0 179   0   0   3  307.2  650.3  2500  3.643   7425 1 -10.250  0.001    0  10   0 222   0   0  12  360.5 1744.9  1405  3.792   7425 1  
     2691.7365    84501    West         150       0x101bf       1.0368          -10.054  0.001    0   1   0 253   0   0   3  311.5  659.0  2114  3.017   7425 1 -10.147  0.002    0  10 255 253 227   0  12  352.4 1740.7  1250  3.024   7425 1  
     2692.7062    84610    West         150       0x101bf       1.0165           -9.739  0.001    0   1   0 253  87  47   3  310.9  650.2  2109  2.082   7425 1 -10.130  0.003    0  10 255 253 253   0  12  362.1 1741.0  1316  1.718   7425 1  
     2693.7145    84720    West         150       0x101bf       1.0218          -10.167  0.001    0   1   0 253  77   0   3  304.4  645.4  1873  2.605   7425 1 -10.190  0.002    0  10 255 253 227   0  12  367.3 1747.2  1283  2.562   7425 1  
     2694.6706    84842    West         150       0x101bf       1.0207           -9.928  0.001    0   1   0 253 117  63   3  313.4  645.1  1703  2.564   7425 1 -10.115  0.002    0  10 255 253 237   0  12  367.3 1738.4  1177  2.473   7425 1  
     2696.6914    85020    West         150       0x101bf       1.0155           -9.843  0.001    0   1   0 253 157  99   3  309.2  649.8  1884  2.406   7425 1 -10.197  0.002    0  10 255 253 241   0  12  362.4 1742.6  1307  2.201   7425 1  
     2697.7413    85117    West         150       0x101bf       1.0696          -10.267  0.004    0   1   0 125   0   0   3  312.2  658.7  1814  2.565   7425 1 -10.339  0.004    0  10   0 171   0   0  12  353.4 1739.5  1053  2.614   7425 1  
     2707.5010    85383    West         150       0x101bf       1.4990              -99    -99  999 999 999 999 999 999  -1    -99    -99   -99    -99      0 0 -10.428  0.004    0  10 255 244 253  45  12  346.9 1737.3 34198  2.556   7425 1  
     2713.6684    85647    West         150       0x101bf       1.0285          -10.070  0.001    0   1   0 226   0   0   3  307.2  641.8  2274  3.450   7425 1 -10.137  0.001    0  10   0 249   0   0  12  369.7 1744.8  1640  3.496   7425 1  
     2717.7257    85872    West         150       0x101ff       1.1779          -10.256  0.001    0   1   0 253   0   0   3  314.4  661.3  1940  3.053   7425 1 -10.403  0.001    0  10 255 240 228   0  12  350.0 1737.8  1031  3.135   7425 1  
     2721.6201    86025    West         150       0x101ff       1.0151          -10.171  0.001    0   1   0 139   0   0   3  308.8  664.9  1378  4.251   7425 1 -10.279  0.002    0  10 255 190 237   0  12  346.8 1743.4   950  4.369   7425 1  
     2722.6147    86163    West         150       0x000bf       1.0149           -9.938  0.001    0   1   0 180   0   0   3  313.0  656.0  1577  3.252   7425 1 -10.018  0.001    0  10   0 238   0   0  12  355.8 1739.2  1131  3.329   7425 1  
     2725.5942    86299    West         150       0x101ff       1.0169           -9.879  0.002    0   1   0 253 154  97   3  314.3  666.6  1815  2.499   7425 1 -10.274  0.002    0  10 255 233 252   0  12  346.3 1737.7  1257  2.411   7425 1  
     2727.6111    86483    West         150       0x101ff       1.0167          -10.120  0.001    0   1   0 180   0   0   3  309.5  644.7  1824  3.490   7425 1 -10.185  0.001    0  10   0 248   0   0  12  367.8 1742.5  1308  3.573   7425 1  
     2728.6108    86592    West         150       0x101ff       1.0176          -10.176  0.001    0   1   0 253   0   0   3  372.3  659.1  1810  3.149   7425 1 -10.313  0.001    0  10 255 253 224   0  12  353.7 1680.5  1810  3.149   7425 1  
     2730.6295    86775    West         150       0x101ff       1.0363           -9.867  0.001    0   1   0 253 141  88   3  307.0  667.7  3205  2.493   7425 1  -9.905  0.004    0  10 255 253 253   0  12  344.9 1745.0  3534  2.342   7425 1  
     2732.4262    86899    West         150       0x101ff       1.5582           -9.807  0.002    0   1   0 190   0   0   3  338.1  652.2  6859  3.721   7425 1  -9.841  0.002    0  10   0 210   0   0  12  362.0 1714.3  8864  3.747   7425 1  
     2735.6843    86997    West         150       0x101ff       1.2084           -9.805  0.002   22   1   0 253 125  77   3  320.0  670.5 22507  2.923   7425 1 -10.026  0.005    0  10 255 253 234  16  12  342.4 1732.0 23766  2.469   7425 1  
     2737.6652    87091    West         150       0x101ff       1.1567          -10.115  0.002    0   1   0 150   0   0   3  321.8  658.2  6681  5.366   7425 1 -10.159  0.002    0  10   0 184   0   0  12  354.2 1730.4  6869  5.646   7425 1  
     2738.5600    87186    West         150       0x101ff       1.0164          -10.201  0.001    0   1   0 215   0   0   3  339.5  652.8  2938  3.584   7425 1 -10.275  0.001    0  10   0 218   0   0  12  359.9 1712.9  3480  3.690   7425 1  
     2739.5811    87328    West         150       0x101ff       1.0177           -9.980  0.001    0   1   0 240   0   0   3  310.1  673.4  2900  3.084   7425 1 -10.062  0.001    0  10   0 226 116   0  12  339.6 1741.8  2869  3.146   7425 1  
     2740.5399    87463    West         150       0x101ff       1.0241          -10.013  0.001    0   1   0 253   0   0   3  307.9  662.2  2292  3.102   7425 1 -10.068  0.001    0  10 255 248 201   0  12  350.9 1744.0  1900  3.156   7425 1  
     2741.5488    87611    West         150       0x101ff       1.0174          -10.179  0.002    0   1   0 136   0   0   3  312.0  636.9  2282  3.840   7425 1 -10.252  0.002    0  10   0 201   0   0  12  375.6 1740.0  1599  3.930   7425 1  
     2743.6445    87698    West         150       0x101ff       1.1426           -9.770  0.002    0   1   0 204   0   0   3  321.3  656.7  1805  3.428   7425 1  -9.791  0.001    0  10   0 230   0   0  12  355.4 1730.9  1177  3.491   7425 1  
     2752.6201    87812    West         150       0x101ff       1.1431          -10.191  0.001    0   1   0 218   0   0   3  322.0  657.7  1443  3.664   7425 1 -10.255  0.001    0  10   0 246   0   0  12  354.9 1730.1   933  3.703   7425 1  
     2753.5247    87916    West         150       0x101ff       1.0152           -9.759  0.001    0   1   0 253   0   0   3  318.3  628.8  1721  2.477   7425 1  -9.868  0.002    0  10 255 247 231   0  12  384.0 1733.7  1193  2.404   7425 1  
     2758.5817    88107    West         150       0x101ff       1.0844          -10.130  0.001    0   1   0 184   0   0   3  319.6  647.2  2726  4.025   7425 1 -10.187  0.001    0  10   0 250   0   0  12  365.1 1732.5  2683  4.189   7425 1  
     2759.5363    88219    West         150       0x101ff       1.0233           -9.895  0.001    0   1   0 253 135  83   3  321.0  636.1  3752  2.548   7425 1 -10.195  0.002    0  10 255 253 242   0  12  376.5 1731.1  3961  2.469   7425 1  
     2760.5205    88348    West         150       0x101ff       1.0165           -9.712  0.001    0   1   0 253   0   0   3  323.2  637.8  7673  2.538   7425 1  -9.809  0.002    0  10 255 253 217   0  12  374.9 1729.0  7624  2.309   7425 1  
     2761.5215    88484    West         150       0x101ff       1.0179          -10.090  0.002    0   1   0 247   0   0   3  320.0  637.8 29741  4.094   7425 1 -10.199  0.002    0  10   0 182   0   0  12  374.6 1732.2 22754  4.248   7425 1  
     2767.5288    88721    West         150       0x101ff       1.0369           -9.770  0.002    0   1   0 138   0   0   3  317.9  639.9  2688  4.289   7425 1  -9.855  0.002    0  10   0 186   0   0  12  372.1 1734.3  3368  4.440   7425 1  
     2768.5405    88855    West         150       0x101ff       1.0574          -10.078  0.001    0   1   0 253   0   0   3  324.5  647.1  2655  2.912   7425 1 -10.157  0.001    0  10 255 253 207   9  12  365.2 1727.7  2811  2.916   7425 1  
     2769.5325    88980    West         150       0x101ff       1.0491          -10.060  0.001    0   1   0 253 121  79   3  327.2  640.2  2476  2.757   7425 1 -10.225  0.002    0  10 255 239 231   0  12  372.2 1725.1  2065  2.803   7425 1  
