# Columns are:
# 1. JD start (of entire sequence of images)
# 2. JD start of B band
# 3. B mag
# 4. B err (as given by IRAF photometry - *not* reliable)
# 5. JD start of V band
# 6. V mag
# 7. V err 
# 8. JD start of R band
# 9. R mag
# 10. R err 
# 11. JD start of I band
# 12. I mag
# 13. I err 
# 14. JD start of J band
# 15. J mag
# 16. J err 
# 17. JD start of H band
# 18. H mag
# 19. H err 
# 20. JD start of K band
# 21. K mag
# 22. K err 
#
   2456363.58545   2456363.58545  19.361   0.027       999.00000 999.000 999.000       999.00000 999.000 999.000   2456363.59230  16.514   0.013       999.00000 999.000 999.000       999.00000 999.000 999.000       999.00000 999.000 999.000
   2456365.60968   2456365.60968  19.167   0.025   2456365.61310  18.055   0.016       999.00000 999.000 999.000   2456365.61653  16.433   0.013       999.00000 999.000 999.000   2456365.60964  14.862   0.020       999.00000 999.000 999.000
   2456368.60445   2456368.60445  18.989   0.021   2456368.60787  17.864   0.014       999.00000 999.000 999.000   2456368.61131  16.345   0.012       999.00000 999.000 999.000       999.00000 999.000 999.000       999.00000 999.000 999.000
   2456371.61766   2456371.61766  19.316   0.071   2456371.62107  17.974   0.031       999.00000 999.000 999.000   2456371.62451  16.505   0.021       999.00000 999.000 999.000       999.00000 999.000 999.000       999.00000 999.000 999.000
   2456373.61279   2456373.61279  18.985   0.071   2456373.61620  17.999   0.038       999.00000 999.000 999.000   2456373.61964  16.447   0.020       999.00000 999.000 999.000       999.00000 999.000 999.000       999.00000 999.000 999.000
   2456375.58719   2456375.58719  19.123   0.083   2456375.59061  17.932   0.035       999.00000 999.000 999.000   2456375.59403  16.448   0.019       999.00000 999.000 999.000       999.00000 999.000 999.000       999.00000 999.000 999.000
   2456377.56993   2456377.56993  19.277   0.102   2456377.57334  17.979   0.039       999.00000 999.000 999.000   2456377.57679  16.325   0.016       999.00000 999.000 999.000       999.00000 999.000 999.000       999.00000 999.000 999.000
   2456379.56065   2456379.56065  19.268   0.110   2456379.56407  17.861   0.038       999.00000 999.000 999.000   2456379.56751  16.419   0.019       999.00000 999.000 999.000       999.00000 999.000 999.000       999.00000 999.000 999.000
   2456381.59766   2456381.59766  18.980   0.075   2456381.60108  17.907   0.035       999.00000 999.000 999.000   2456381.60452  16.376   0.017       999.00000 999.000 999.000       999.00000 999.000 999.000       999.00000 999.000 999.000
   2456385.52414   2456385.52414  19.294   0.027   2456385.52756  18.118   0.016       999.00000 999.000 999.000   2456385.53101  16.546   0.014       999.00000 999.000 999.000       999.00000 999.000 999.000       999.00000 999.000 999.000
   2456387.56375   2456387.56375  18.970   0.024   2456387.56717  17.941   0.017       999.00000 999.000 999.000   2456387.57062  16.374   0.014       999.00000 999.000 999.000       999.00000 999.000 999.000       999.00000 999.000 999.000
   2456389.50568   2456389.50568  19.135   0.025   2456389.50910  17.737   0.013       999.00000 999.000 999.000   2456389.51254  16.375   0.012       999.00000 999.000 999.000       999.00000 999.000 999.000       999.00000 999.000 999.000
   2456393.53923   2456393.53923  19.081   0.027   2456393.54265  17.968   0.018       999.00000 999.000 999.000   2456393.54609  16.440   0.015       999.00000 999.000 999.000       999.00000 999.000 999.000       999.00000 999.000 999.000
   2456396.48990   2456396.48990  19.270   0.030   2456396.49333  18.104   0.018       999.00000 999.000 999.000   2456396.49677  16.521   0.015       999.00000 999.000 999.000       999.00000 999.000 999.000       999.00000 999.000 999.000
   2456548.86857       999.00000 999.000 999.000   2456548.86857  17.894   0.014       999.00000 999.000 999.000   2456548.87203  16.216   0.010       999.00000 999.000 999.000   2456548.86566  14.651   0.016       999.00000 999.000 999.000
   2456554.87898   2456554.87898  19.065   0.081   2456554.88242  17.935   0.034       999.00000 999.000 999.000   2456554.88589  16.358   0.014       999.00000 999.000 999.000   2456554.88064  14.752   0.014       999.00000 999.000 999.000
   2456556.86183   2456556.86183  19.415   0.096   2456556.86529  18.037   0.033       999.00000 999.000 999.000   2456556.86876  16.446   0.015       999.00000 999.000 999.000   2456556.86350  14.996   0.019       999.00000 999.000 999.000
   2456557.84868       999.00000 999.000 999.000   2456557.84868  18.126   0.036       999.00000 999.000 999.000   2456557.85216  16.525   0.019       999.00000 999.000 999.000   2456557.84517  14.888   0.022       999.00000 999.000 999.000
   2456559.86428   2456559.86428  19.141   0.058   2456559.86772  17.891   0.025       999.00000 999.000 999.000   2456559.87119  16.256   0.011       999.00000 999.000 999.000   2456559.86593  14.726   0.015       999.00000 999.000 999.000
   2456564.84457   2456564.84457  18.996   0.031   2456564.84802  17.929   0.029       999.00000 999.000 999.000   2456564.85149  16.367   0.020       999.00000 999.000 999.000   2456564.84566  14.777   0.022       999.00000 999.000 999.000
   2456567.85065   2456567.85065  19.208   0.027   2456567.85412  18.169   0.018       999.00000 999.000 999.000   2456567.85759  16.545   0.014       999.00000 999.000 999.000   2456567.85173  15.021   0.019       999.00000 999.000 999.000
   2456570.76873   2456570.76873  19.416   0.039   2456570.77218  18.206   0.023       999.00000 999.000 999.000   2456570.77565  16.554   0.016       999.00000 999.000 999.000   2456570.77038  14.995   0.024       999.00000 999.000 999.000
   2456572.75823   2456572.75823  19.227   0.033   2456572.76165  18.013   0.018       999.00000 999.000 999.000   2456572.76510  16.383   0.013       999.00000 999.000 999.000   2456572.75931  14.853   0.019       999.00000 999.000 999.000
   2456574.81165   2456574.81165  19.483   0.032   2456574.81507  18.272   0.019       999.00000 999.000 999.000   2456574.81851  16.590   0.014       999.00000 999.000 999.000   2456574.81273  14.969   0.019       999.00000 999.000 999.000
   2456576.79132   2456576.79132  19.349   0.031   2456576.79473  18.150   0.018       999.00000 999.000 999.000   2456576.79817  16.510   0.013       999.00000 999.000 999.000   2456576.79240  14.907   0.018       999.00000 999.000 999.000
   2456577.82488   2456577.82488  19.179   0.031   2456577.82835  17.915   0.016       999.00000 999.000 999.000   2456577.83184  16.453   0.014       999.00000 999.000 999.000   2456577.82483  14.736   0.017       999.00000 999.000 999.000
   2456578.79931   2456578.79931  19.264   0.029   2456578.80278  18.096   0.018       999.00000 999.000 999.000   2456578.80627  16.513   0.015       999.00000 999.000 999.000   2456578.80037  14.837   0.020       999.00000 999.000 999.000
   2456579.78650   2456579.78650  19.271   0.038   2456579.78996  18.166   0.022       999.00000 999.000 999.000   2456579.79345  16.511   0.016       999.00000 999.000 999.000   2456579.78810  14.904   0.020       999.00000 999.000 999.000
   2456580.82205   2456580.82205  19.210   0.031   2456580.82552  18.024   0.017       999.00000 999.000 999.000   2456580.82901  16.491   0.018       999.00000 999.000 999.000   2456580.82312  14.825   0.018       999.00000 999.000 999.000
   2456582.80739   2456582.80739  19.088   0.065   2456582.81083  17.883   0.027       999.00000 999.000 999.000   2456582.81430  16.342   0.015       999.00000 999.000 999.000   2456582.80900  14.730   0.017       999.00000 999.000 999.000
   2456583.80109   2456583.80109  18.994   0.075   2456583.80453  17.750   0.029       999.00000 999.000 999.000   2456583.80799  16.332   0.015       999.00000 999.000 999.000   2456583.80270  14.646   0.015       999.00000 999.000 999.000
   2456585.74655       999.00000 999.000 999.000       999.00000 999.000 999.000       999.00000 999.000 999.000       999.00000 999.000 999.000       999.00000 999.000 999.000   2456585.74655  14.721   0.016       999.00000 999.000 999.000
   2456591.84458       999.00000 999.000 999.000       999.00000 999.000 999.000       999.00000 999.000 999.000       999.00000 999.000 999.000       999.00000 999.000 999.000   2456591.84458  14.505   0.015       999.00000 999.000 999.000
   2456592.82478   2456592.82478  18.721   0.024   2456592.82820  17.741   0.016       999.00000 999.000 999.000   2456592.83163  16.202   0.011       999.00000 999.000 999.000   2456592.82528  14.691   0.016       999.00000 999.000 999.000
   2456594.79296   2456594.79296  18.880   0.031   2456594.79637  17.931   0.018       999.00000 999.000 999.000   2456594.79981  16.076   0.020       999.00000 999.000 999.000   2456594.79293  14.588   0.025       999.00000 999.000 999.000
   2456599.73649   2456599.73649  19.041   0.024   2456599.73991  17.930   0.015       999.00000 999.000 999.000   2456599.74334  16.231   0.011       999.00000 999.000 999.000   2456599.73757  14.689   0.018       999.00000 999.000 999.000
   2456599.80132   2456599.80132  19.195   0.025   2456599.80474  17.912   0.014       999.00000 999.000 999.000   2456599.80818  16.384   0.012       999.00000 999.000 999.000   2456599.80240  14.751   0.016       999.00000 999.000 999.000
   2456600.76124   2456600.76124  18.834   0.019   2456600.76467  17.781   0.012       999.00000 999.000 999.000   2456600.76811  16.241   0.012       999.00000 999.000 999.000   2456600.76233  14.637   0.016       999.00000 999.000 999.000
   2456600.82414   2456600.82414  19.123   0.023   2456600.82756  17.934   0.014       999.00000 999.000 999.000   2456600.83100  16.182   0.011       999.00000 999.000 999.000   2456600.82469  14.661   0.017       999.00000 999.000 999.000
   2456601.80796   2456601.80796  18.841   0.019   2456601.81138  17.461   0.010       999.00000 999.000 999.000   2456601.81482  16.100   0.010       999.00000 999.000 999.000   2456601.80846  14.638   0.016       999.00000 999.000 999.000
   2456602.75851   2456602.75851  19.049   0.023   2456602.76193  17.848   0.014       999.00000 999.000 999.000   2456602.76537  16.255   0.012       999.00000 999.000 999.000   2456602.76017  14.678   0.018       999.00000 999.000 999.000
   2456602.79603   2456602.79603  18.849   0.019   2456602.79945  17.815   0.013       999.00000 999.000 999.000   2456602.80289  16.245   0.011       999.00000 999.000 999.000   2456602.79657  14.698   0.018       999.00000 999.000 999.000
   2456603.76084   2456603.76084  18.793   0.018   2456603.76426  17.815   0.013       999.00000 999.000 999.000   2456603.76770  16.216   0.010       999.00000 999.000 999.000   2456603.76247  14.702   0.018       999.00000 999.000 999.000
   2456603.80602       999.00000 999.000 999.000   2456603.80602  17.726   0.011       999.00000 999.000 999.000   2456603.80946  16.084   0.009       999.00000 999.000 999.000   2456603.80368  14.607   0.015       999.00000 999.000 999.000
   2456605.76487       999.00000 999.000 999.000   2456605.76487  17.793   0.012       999.00000 999.000 999.000   2456605.76830  16.291   0.010       999.00000 999.000 999.000   2456605.76310  14.746   0.017       999.00000 999.000 999.000
   2456605.80140   2456605.80140  18.913   0.020   2456605.80481  17.900   0.014       999.00000 999.000 999.000   2456605.80825  16.352   0.011       999.00000 999.000 999.000   2456605.80136  14.796   0.017       999.00000 999.000 999.000
   2456608.74736   2456608.74736  18.870   0.028   2456608.75078  17.886   0.016       999.00000 999.000 999.000   2456608.75422  16.253   0.011       999.00000 999.000 999.000   2456608.74903  14.582   0.015       999.00000 999.000 999.000
   2456609.78988       999.00000 999.000 999.000   2456609.78988  17.747   0.014       999.00000 999.000 999.000   2456609.79332  16.165   0.010       999.00000 999.000 999.000   2456609.78753  14.630   0.016       999.00000 999.000 999.000
   2456610.70768       999.00000 999.000 999.000   2456610.70768  17.764   0.023       999.00000 999.000 999.000   2456610.71112  16.193   0.012       999.00000 999.000 999.000   2456610.70534  14.576   0.016       999.00000 999.000 999.000
   2456611.72140   2456611.72140  18.742   0.052   2456611.72482  17.746   0.025       999.00000 999.000 999.000   2456611.72825  16.119   0.012       999.00000 999.000 999.000   2456611.72301  14.672   0.017       999.00000 999.000 999.000
   2456611.83365   2456611.83365  18.736   0.028   2456611.83707  17.707   0.016       999.00000 999.000 999.000   2456611.84050  16.242   0.012       999.00000 999.000 999.000   2456611.83473  14.674   0.016       999.00000 999.000 999.000
   2456612.81327   2456612.81327  18.606   0.043   2456612.81669  17.757   0.026       999.00000 999.000 999.000   2456612.82013  16.120   0.012       999.00000 999.000 999.000   2456612.81489  14.579   0.014       999.00000 999.000 999.000
   2456613.82469   2456613.82469  18.515   0.056   2456613.82811  17.614   0.031       999.00000 999.000 999.000   2456613.83154  16.256   0.017       999.00000 999.000 999.000   2456613.82634  14.667   0.016       999.00000 999.000 999.000
   2456614.77150       999.00000 999.000 999.000   2456614.77150  17.473   0.027       999.00000 999.000 999.000   2456614.77493  16.032   0.013       999.00000 999.000 999.000   2456614.77028  14.523   0.015       999.00000 999.000 999.000
   2456615.79008       999.00000 999.000 999.000   2456615.79008  17.722   0.037       999.00000 999.000 999.000   2456615.79357  16.138   0.018       999.00000 999.000 999.000   2456615.78826  14.696   0.018       999.00000 999.000 999.000
   2456616.79279   2456616.79279  18.342   0.050   2456616.79626  17.606   0.041       999.00000 999.000 999.000       999.00000 999.000 999.000       999.00000 999.000 999.000       999.00000 999.000 999.000       999.00000 999.000 999.000
   2456617.75810   2456617.75810  18.833   0.068   2456617.76157  18.020   0.049       999.00000 999.000 999.000   2456617.76505  16.501   0.030       999.00000 999.000 999.000   2456617.75975  14.794   0.017       999.00000 999.000 999.000
   2456618.78991   2456618.78991  18.668   0.047   2456618.79338  17.771   0.031       999.00000 999.000 999.000   2456618.79687  16.082   0.015       999.00000 999.000 999.000   2456618.79152  14.584   0.015       999.00000 999.000 999.000
   2456619.78424   2456619.78424  18.970   0.055   2456619.78770  17.816   0.023       999.00000 999.000 999.000   2456619.79118  16.168   0.011       999.00000 999.000 999.000   2456619.78590  14.597   0.013       999.00000 999.000 999.000
   2456621.78622   2456621.78622  19.085   0.057   2456621.78967  18.035   0.041       999.00000 999.000 999.000   2456621.79315  16.431   0.019       999.00000 999.000 999.000   2456621.78787  14.852   0.020       999.00000 999.000 999.000
   2456622.80746   2456622.80746  19.116   0.033   2456622.81090  17.966   0.017       999.00000 999.000 999.000   2456622.81436  16.337   0.011       999.00000 999.000 999.000   2456622.80964  14.813   0.016       999.00000 999.000 999.000
   2456625.78116   2456625.78116  18.903   0.020   2456625.78460  17.786   0.012       999.00000 999.000 999.000   2456625.78807  16.353   0.011       999.00000 999.000 999.000   2456625.78281  14.732   0.016       999.00000 999.000 999.000
   2456626.73809   2456626.73809  18.941   0.022   2456626.74154  17.783   0.014       999.00000 999.000 999.000   2456626.74501  16.319   0.012       999.00000 999.000 999.000   2456626.73969  14.693   0.033       999.00000 999.000 999.000
   2456626.83795   2456626.83795  18.793   0.019   2456626.84140  17.880   0.013       999.00000 999.000 999.000   2456626.84487  16.337   0.012       999.00000 999.000 999.000   2456626.83955  14.768   0.018       999.00000 999.000 999.000
   2456627.73475   2456627.73475  18.908   0.019   2456627.73820  17.852   0.013       999.00000 999.000 999.000   2456627.74166  16.218   0.010       999.00000 999.000 999.000   2456627.73639  14.722   0.017       999.00000 999.000 999.000
   2456628.77970   2456628.77970  18.943   0.020   2456628.78316  17.718   0.012       999.00000 999.000 999.000   2456628.78664  16.214   0.010       999.00000 999.000 999.000   2456628.78134  14.617   0.016       999.00000 999.000 999.000
   2456629.84868   2456629.84868  18.979   0.049   2456629.85216  17.867   0.062       999.00000 999.000 999.000   2456629.85565  16.250   0.031       999.00000 999.000 999.000   2456629.84975  14.662   0.027       999.00000 999.000 999.000
   2456630.78921   2456630.78921  18.869   0.060   2456630.79383  17.904   0.042       999.00000 999.000 999.000   2456630.79736  16.095   0.018   2456630.79378  15.152   0.043   2456630.79731  14.605   0.031       999.00000 999.000 999.000
   2456631.79822       999.00000 999.000 999.000   2456631.79822  17.732   0.155       999.00000 999.000 999.000   2456631.80174  16.153   0.122       999.00000 999.000 999.000       999.00000 999.000 999.000       999.00000 999.000 999.000
# Start of Chandra campaign
   2456632.64410   2456632.64410  19.036   0.023   2456632.64871  17.961   0.018       999.00000 999.000 999.000   2456632.65225  16.389   0.014   2456632.64866  15.492   0.027   2456632.65221  14.845   0.023   2456632.64405  13.795   0.045
   2456632.66538   2456632.66538  18.868   0.019   2456632.66998  17.778   0.015       999.00000 999.000 999.000   2456632.67351  16.119   0.010   2456632.66993  15.233   0.022   2456632.67346  14.581   0.017   2456632.66533  14.355   0.050
   2456632.71544   2456632.71544  18.854   0.018   2456632.72008  17.721   0.013       999.00000 999.000 999.000   2456632.72362  16.273   0.011   2456632.72003  15.283   0.022   2456632.72357  14.682   0.018   2456632.71539  14.168   0.043
   2456632.74158   2456632.74158  19.119   0.022   2456632.74620  18.005   0.016       999.00000 999.000 999.000   2456632.74975  16.418   0.012   2456632.74615  15.401   0.026   2456632.74970  14.809   0.020   2456632.74152  14.609   0.053
   2456632.78588   2456632.78588  19.094   0.022   2456632.79049  17.909   0.014       999.00000 999.000 999.000   2456632.79401  16.335   0.012   2456632.79044  15.296   0.022   2456632.79396  14.658   0.018   2456632.78583  14.415   0.058
   2456633.74218   2456633.74218  19.218   0.024   2456633.74680  18.067   0.016       999.00000 999.000 999.000   2456633.75033  16.498   0.015   2456633.74676  15.408   0.024   2456633.75028  14.894   0.026   2456633.74213  14.766   0.077
   2456633.83939   2456633.83939  18.846   0.020   2456633.84400  17.771   0.014       999.00000 999.000 999.000   2456633.84752  16.168   0.012   2456633.84395  15.227   0.022   2456633.84747  14.588   0.019   2456633.83934  14.091   0.046
   2456635.60183   2456635.60183  18.733   0.029       999.00000 999.000 999.000       999.00000 999.000 999.000       999.00000 999.000 999.000       999.00000 999.000 999.000       999.00000 999.000 999.000       999.00000 999.000 999.000   
   2456635.60588   2456635.60588  18.814   0.031       999.00000 999.000 999.000       999.00000 999.000 999.000       999.00000 999.000 999.000       999.00000 999.000 999.000       999.00000 999.000 999.000       999.00000 999.000 999.000   
   2456635.60993   2456635.60993  18.758   0.029       999.00000 999.000 999.000       999.00000 999.000 999.000       999.00000 999.000 999.000       999.00000 999.000 999.000       999.00000 999.000 999.000       999.00000 999.000 999.000   
   2456635.64130   2456635.64130  18.808   0.024       999.00000 999.000 999.000       999.00000 999.000 999.000       999.00000 999.000 999.000       999.00000 999.000 999.000       999.00000 999.000 999.000       999.00000 999.000 999.000   
   2456635.64534   2456635.64534  18.571   0.019       999.00000 999.000 999.000       999.00000 999.000 999.000       999.00000 999.000 999.000       999.00000 999.000 999.000       999.00000 999.000 999.000       999.00000 999.000 999.000   
   2456635.64940   2456635.64940  18.673   0.021       999.00000 999.000 999.000       999.00000 999.000 999.000       999.00000 999.000 999.000       999.00000 999.000 999.000       999.00000 999.000 999.000       999.00000 999.000 999.000   
   2456635.68078   2456635.68078  18.954   0.020       999.00000 999.000 999.000       999.00000 999.000 999.000       999.00000 999.000 999.000       999.00000 999.000 999.000       999.00000 999.000 999.000       999.00000 999.000 999.000   
   2456635.68483   2456635.68483  18.779   0.016       999.00000 999.000 999.000       999.00000 999.000 999.000       999.00000 999.000 999.000       999.00000 999.000 999.000       999.00000 999.000 999.000       999.00000 999.000 999.000   
   2456635.68888   2456635.68888  18.967   0.019       999.00000 999.000 999.000       999.00000 999.000 999.000       999.00000 999.000 999.000       999.00000 999.000 999.000       999.00000 999.000 999.000       999.00000 999.000 999.000   
   2456635.72037   2456635.72037  18.963   0.018       999.00000 999.000 999.000       999.00000 999.000 999.000       999.00000 999.000 999.000       999.00000 999.000 999.000       999.00000 999.000 999.000       999.00000 999.000 999.000   
   2456635.72442   2456635.72442  18.845   0.017       999.00000 999.000 999.000       999.00000 999.000 999.000       999.00000 999.000 999.000       999.00000 999.000 999.000       999.00000 999.000 999.000       999.00000 999.000 999.000   
   2456635.72847   2456635.72847  18.790   0.016       999.00000 999.000 999.000       999.00000 999.000 999.000       999.00000 999.000 999.000       999.00000 999.000 999.000       999.00000 999.000 999.000       999.00000 999.000 999.000   
   2456635.75983   2456635.75983  18.894   0.016       999.00000 999.000 999.000       999.00000 999.000 999.000       999.00000 999.000 999.000       999.00000 999.000 999.000       999.00000 999.000 999.000       999.00000 999.000 999.000
   2456635.76389   2456635.76389  18.408   0.012       999.00000 999.000 999.000       999.00000 999.000 999.000       999.00000 999.000 999.000       999.00000 999.000 999.000       999.00000 999.000 999.000       999.00000 999.000 999.000   
   2456635.76793   2456635.76793  18.757   0.015       999.00000 999.000 999.000       999.00000 999.000 999.000       999.00000 999.000 999.000       999.00000 999.000 999.000       999.00000 999.000 999.000       999.00000 999.000 999.000   
   2456635.79940   2456635.79940  18.890   0.017       999.00000 999.000 999.000       999.00000 999.000 999.000       999.00000 999.000 999.000       999.00000 999.000 999.000       999.00000 999.000 999.000       999.00000 999.000 999.000   
   2456635.80345   2456635.80345  18.801   0.016       999.00000 999.000 999.000       999.00000 999.000 999.000       999.00000 999.000 999.000       999.00000 999.000 999.000       999.00000 999.000 999.000       999.00000 999.000 999.000   
   2456635.62772       999.00000 999.000 999.000   2456635.62772  17.733   0.017       999.00000 999.000 999.000       999.00000 999.000 999.000       999.00000 999.000 999.000       999.00000 999.000 999.000       999.00000 999.000 999.000   
   2456635.63108       999.00000 999.000 999.000   2456635.63108  17.764   0.017       999.00000 999.000 999.000       999.00000 999.000 999.000       999.00000 999.000 999.000       999.00000 999.000 999.000       999.00000 999.000 999.000   
   2456635.63444       999.00000 999.000 999.000   2456635.63444  17.816   0.018       999.00000 999.000 999.000       999.00000 999.000 999.000       999.00000 999.000 999.000       999.00000 999.000 999.000       999.00000 999.000 999.000   
   2456635.63779       999.00000 999.000 999.000   2456635.63779  17.763   0.016       999.00000 999.000 999.000       999.00000 999.000 999.000       999.00000 999.000 999.000       999.00000 999.000 999.000       999.00000 999.000 999.000   
   2456635.66718       999.00000 999.000 999.000   2456635.66718  17.822   0.015       999.00000 999.000 999.000       999.00000 999.000 999.000       999.00000 999.000 999.000       999.00000 999.000 999.000       999.00000 999.000 999.000  
   2456635.67053       999.00000 999.000 999.000   2456635.67053  17.735   0.014       999.00000 999.000 999.000       999.00000 999.000 999.000       999.00000 999.000 999.000       999.00000 999.000 999.000       999.00000 999.000 999.000   
   2456635.67390       999.00000 999.000 999.000   2456635.67390  17.675   0.013       999.00000 999.000 999.000       999.00000 999.000 999.000       999.00000 999.000 999.000       999.00000 999.000 999.000       999.00000 999.000 999.000   
   2456635.67727       999.00000 999.000 999.000   2456635.67727  17.732   0.013       999.00000 999.000 999.000       999.00000 999.000 999.000       999.00000 999.000 999.000       999.00000 999.000 999.000       999.00000 999.000 999.000   
   2456635.70670       999.00000 999.000 999.000   2456635.70670  17.782   0.012       999.00000 999.000 999.000       999.00000 999.000 999.000       999.00000 999.000 999.000       999.00000 999.000 999.000       999.00000 999.000 999.000   
   2456635.71351       999.00000 999.000 999.000   2456635.71351  17.744   0.012       999.00000 999.000 999.000       999.00000 999.000 999.000       999.00000 999.000 999.000       999.00000 999.000 999.000       999.00000 999.000 999.000   
   2456635.71687       999.00000 999.000 999.000   2456635.71687  17.826   0.013       999.00000 999.000 999.000       999.00000 999.000 999.000       999.00000 999.000 999.000       999.00000 999.000 999.000       999.00000 999.000 999.000   
   2456635.74625       999.00000 999.000 999.000   2456635.74625  17.845   0.013       999.00000 999.000 999.000       999.00000 999.000 999.000       999.00000 999.000 999.000       999.00000 999.000 999.000       999.00000 999.000 999.000
   2456635.74960       999.00000 999.000 999.000   2456635.74960  17.806   0.013       999.00000 999.000 999.000       999.00000 999.000 999.000       999.00000 999.000 999.000       999.00000 999.000 999.000       999.00000 999.000 999.000   
   2456635.75297       999.00000 999.000 999.000   2456635.75297  17.822   0.013       999.00000 999.000 999.000       999.00000 999.000 999.000       999.00000 999.000 999.000       999.00000 999.000 999.000       999.00000 999.000 999.000   
   2456635.75633       999.00000 999.000 999.000   2456635.75633  17.809   0.013       999.00000 999.000 999.000       999.00000 999.000 999.000       999.00000 999.000 999.000       999.00000 999.000 999.000       999.00000 999.000 999.000   
   2456635.78582       999.00000 999.000 999.000   2456635.78582  17.788   0.013       999.00000 999.000 999.000       999.00000 999.000 999.000       999.00000 999.000 999.000       999.00000 999.000 999.000       999.00000 999.000 999.000   
   2456635.78918       999.00000 999.000 999.000   2456635.78918  17.776   0.012       999.00000 999.000 999.000       999.00000 999.000 999.000       999.00000 999.000 999.000       999.00000 999.000 999.000       999.00000 999.000 999.000   
   2456635.61413       999.00000 999.000 999.000       999.00000 999.000 999.000       999.00000 999.000 999.000   2456635.61413  16.148   0.012       999.00000 999.000 999.000       999.00000 999.000 999.000       999.00000 999.000 999.000   
   2456635.61749       999.00000 999.000 999.000       999.00000 999.000 999.000       999.00000 999.000 999.000   2456635.61749  15.999   0.011       999.00000 999.000 999.000       999.00000 999.000 999.000       999.00000 999.000 999.000   
   2456635.62085       999.00000 999.000 999.000       999.00000 999.000 999.000       999.00000 999.000 999.000   2456635.62085  16.064   0.012       999.00000 999.000 999.000       999.00000 999.000 999.000       999.00000 999.000 999.000   
   2456635.62421       999.00000 999.000 999.000       999.00000 999.000 999.000       999.00000 999.000 999.000   2456635.62421  16.157   0.013       999.00000 999.000 999.000       999.00000 999.000 999.000       999.00000 999.000 999.000   
   2456635.65360       999.00000 999.000 999.000       999.00000 999.000 999.000       999.00000 999.000 999.000   2456635.65360  15.994   0.010       999.00000 999.000 999.000       999.00000 999.000 999.000       999.00000 999.000 999.000   
   2456635.65696       999.00000 999.000 999.000       999.00000 999.000 999.000       999.00000 999.000 999.000   2456635.65696  16.220   0.012       999.00000 999.000 999.000       999.00000 999.000 999.000       999.00000 999.000 999.000   
   2456635.66031       999.00000 999.000 999.000       999.00000 999.000 999.000       999.00000 999.000 999.000   2456635.66031  16.278   0.012       999.00000 999.000 999.000       999.00000 999.000 999.000       999.00000 999.000 999.000   
   2456635.66367       999.00000 999.000 999.000       999.00000 999.000 999.000       999.00000 999.000 999.000   2456635.66367  16.278   0.013       999.00000 999.000 999.000       999.00000 999.000 999.000       999.00000 999.000 999.000   
   2456635.69309       999.00000 999.000 999.000       999.00000 999.000 999.000       999.00000 999.000 999.000   2456635.69309  16.336   0.012       999.00000 999.000 999.000       999.00000 999.000 999.000       999.00000 999.000 999.000   
   2456635.69644       999.00000 999.000 999.000       999.00000 999.000 999.000       999.00000 999.000 999.000   2456635.69644  16.294   0.012       999.00000 999.000 999.000       999.00000 999.000 999.000       999.00000 999.000 999.000   
   2456635.70318       999.00000 999.000 999.000       999.00000 999.000 999.000       999.00000 999.000 999.000   2456635.70318  16.205   0.011       999.00000 999.000 999.000       999.00000 999.000 999.000       999.00000 999.000 999.000   
   2456635.73268       999.00000 999.000 999.000       999.00000 999.000 999.000       999.00000 999.000 999.000   2456635.73268  16.180   0.010       999.00000 999.000 999.000       999.00000 999.000 999.000       999.00000 999.000 999.000    
   2456635.73604       999.00000 999.000 999.000       999.00000 999.000 999.000       999.00000 999.000 999.000   2456635.73604  16.107   0.009       999.00000 999.000 999.000       999.00000 999.000 999.000       999.00000 999.000 999.000
   2456635.73939       999.00000 999.000 999.000       999.00000 999.000 999.000       999.00000 999.000 999.000   2456635.73939  16.025   0.009       999.00000 999.000 999.000       999.00000 999.000 999.000       999.00000 999.000 999.000   
   2456635.74275       999.00000 999.000 999.000       999.00000 999.000 999.000       999.00000 999.000 999.000   2456635.74275  16.169   0.010       999.00000 999.000 999.000       999.00000 999.000 999.000       999.00000 999.000 999.000   
   2456635.77214       999.00000 999.000 999.000       999.00000 999.000 999.000       999.00000 999.000 999.000   2456635.77214  16.073   0.009       999.00000 999.000 999.000       999.00000 999.000 999.000       999.00000 999.000 999.000    
   2456635.77549       999.00000 999.000 999.000       999.00000 999.000 999.000       999.00000 999.000 999.000   2456635.77549  16.140   0.009       999.00000 999.000 999.000       999.00000 999.000 999.000       999.00000 999.000 999.000   
   2456635.63269       999.00000 999.000 999.000       999.00000 999.000 999.000       999.00000 999.000 999.000       999.00000 999.000 999.000   2456635.63269  15.295   0.025       999.00000 999.000 999.000       999.00000 999.000 999.000   
   2456635.63492       999.00000 999.000 999.000       999.00000 999.000 999.000       999.00000 999.000 999.000       999.00000 999.000 999.000   2456635.63492  15.184   0.023       999.00000 999.000 999.000       999.00000 999.000 999.000   
   2456635.63715       999.00000 999.000 999.000       999.00000 999.000 999.000       999.00000 999.000 999.000       999.00000 999.000 999.000   2456635.63715  15.276   0.031       999.00000 999.000 999.000       999.00000 999.000 999.000    
   2456635.66713       999.00000 999.000 999.000       999.00000 999.000 999.000       999.00000 999.000 999.000       999.00000 999.000 999.000   2456635.66713  15.259   0.022       999.00000 999.000 999.000       999.00000 999.000 999.000   
   2456635.66993       999.00000 999.000 999.000       999.00000 999.000 999.000       999.00000 999.000 999.000       999.00000 999.000 999.000   2456635.66993  15.181   0.021       999.00000 999.000 999.000       999.00000 999.000 999.000   
   2456635.67271       999.00000 999.000 999.000       999.00000 999.000 999.000       999.00000 999.000 999.000       999.00000 999.000 999.000   2456635.67271  15.149   0.022       999.00000 999.000 999.000       999.00000 999.000 999.000    
   2456635.67551       999.00000 999.000 999.000       999.00000 999.000 999.000       999.00000 999.000 999.000       999.00000 999.000 999.000   2456635.67551  15.247   0.023       999.00000 999.000 999.000       999.00000 999.000 999.000     
   2456635.70665       999.00000 999.000 999.000       999.00000 999.000 999.000       999.00000 999.000 999.000       999.00000 999.000 999.000   2456635.70665  15.141   0.021       999.00000 999.000 999.000       999.00000 999.000 999.000   
   2456635.70946       999.00000 999.000 999.000       999.00000 999.000 999.000       999.00000 999.000 999.000       999.00000 999.000 999.000   2456635.70946  15.156   0.020       999.00000 999.000 999.000       999.00000 999.000 999.000     
   2456635.71223       999.00000 999.000 999.000       999.00000 999.000 999.000       999.00000 999.000 999.000       999.00000 999.000 999.000   2456635.71223  15.141   0.020       999.00000 999.000 999.000       999.00000 999.000 999.000    
   2456635.71502       999.00000 999.000 999.000       999.00000 999.000 999.000       999.00000 999.000 999.000       999.00000 999.000 999.000   2456635.71502  15.206   0.021       999.00000 999.000 999.000       999.00000 999.000 999.000     
   2456635.74620       999.00000 999.000 999.000       999.00000 999.000 999.000       999.00000 999.000 999.000       999.00000 999.000 999.000   2456635.74620  15.291   0.022       999.00000 999.000 999.000       999.00000 999.000 999.000    
   2456635.74899       999.00000 999.000 999.000       999.00000 999.000 999.000       999.00000 999.000 999.000       999.00000 999.000 999.000   2456635.74899  15.202   0.020       999.00000 999.000 999.000       999.00000 999.000 999.000 
   2456635.75176       999.00000 999.000 999.000       999.00000 999.000 999.000       999.00000 999.000 999.000       999.00000 999.000 999.000   2456635.75176  15.225   0.020       999.00000 999.000 999.000       999.00000 999.000 999.000    
   2456635.75456       999.00000 999.000 999.000       999.00000 999.000 999.000       999.00000 999.000 999.000       999.00000 999.000 999.000   2456635.75456  15.270   0.022       999.00000 999.000 999.000       999.00000 999.000 999.000    
   2456635.84106       999.00000 999.000 999.000       999.00000 999.000 999.000       999.00000 999.000 999.000       999.00000 999.000 999.000   2456635.84106  15.146   0.021       999.00000 999.000 999.000       999.00000 999.000 999.000    
   2456635.84387       999.00000 999.000 999.000       999.00000 999.000 999.000       999.00000 999.000 999.000       999.00000 999.000 999.000   2456635.84387  15.145   0.021       999.00000 999.000 999.000       999.00000 999.000 999.000    
   2456635.84675       999.00000 999.000 999.000       999.00000 999.000 999.000       999.00000 999.000 999.000       999.00000 999.000 999.000   2456635.84675  15.197   0.021       999.00000 999.000 999.000       999.00000 999.000 999.000   
   2456635.61688       999.00000 999.000 999.000       999.00000 999.000 999.000       999.00000 999.000 999.000       999.00000 999.000 999.000       999.00000 999.000 999.000   2456635.61688  14.390   0.020       999.00000 999.000 999.000   
   2456635.62245       999.00000 999.000 999.000       999.00000 999.000 999.000       999.00000 999.000 999.000       999.00000 999.000 999.000       999.00000 999.000 999.000   2456635.62245  14.672   0.028       999.00000 999.000 999.000   
   2456635.65355       999.00000 999.000 999.000       999.00000 999.000 999.000       999.00000 999.000 999.000       999.00000 999.000 999.000       999.00000 999.000 999.000   2456635.65355  14.636   0.022       999.00000 999.000 999.000   
   2456635.65635       999.00000 999.000 999.000       999.00000 999.000 999.000       999.00000 999.000 999.000       999.00000 999.000 999.000       999.00000 999.000 999.000   2456635.65635  14.563   0.023       999.00000 999.000 999.000   
   2456635.65912       999.00000 999.000 999.000       999.00000 999.000 999.000       999.00000 999.000 999.000       999.00000 999.000 999.000       999.00000 999.000 999.000   2456635.65912  14.671   0.022       999.00000 999.000 999.000   
   2456635.66192       999.00000 999.000 999.000       999.00000 999.000 999.000       999.00000 999.000 999.000       999.00000 999.000 999.000       999.00000 999.000 999.000   2456635.66192  14.704   0.025       999.00000 999.000 999.000   
   2456635.69303       999.00000 999.000 999.000       999.00000 999.000 999.000       999.00000 999.000 999.000       999.00000 999.000 999.000       999.00000 999.000 999.000   2456635.69303  14.745   0.023       999.00000 999.000 999.000   
   2456635.69584       999.00000 999.000 999.000       999.00000 999.000 999.000       999.00000 999.000 999.000       999.00000 999.000 999.000       999.00000 999.000 999.000   2456635.69584  14.618   0.019       999.00000 999.000 999.000   
   2456635.69861       999.00000 999.000 999.000       999.00000 999.000 999.000       999.00000 999.000 999.000       999.00000 999.000 999.000       999.00000 999.000 999.000   2456635.69861  14.652   0.022       999.00000 999.000 999.000   
   2456635.70141       999.00000 999.000 999.000       999.00000 999.000 999.000       999.00000 999.000 999.000       999.00000 999.000 999.000       999.00000 999.000 999.000   2456635.70141  14.492   0.018       999.00000 999.000 999.000   
   2456635.73262       999.00000 999.000 999.000       999.00000 999.000 999.000       999.00000 999.000 999.000       999.00000 999.000 999.000       999.00000 999.000 999.000   2456635.73262  14.573   0.018       999.00000 999.000 999.000
   2456635.73543       999.00000 999.000 999.000       999.00000 999.000 999.000       999.00000 999.000 999.000       999.00000 999.000 999.000       999.00000 999.000 999.000   2456635.73543  14.513   0.018       999.00000 999.000 999.000   
   2456635.73821       999.00000 999.000 999.000       999.00000 999.000 999.000       999.00000 999.000 999.000       999.00000 999.000 999.000       999.00000 999.000 999.000   2456635.73821  14.580   0.018       999.00000 999.000 999.000   
   2456635.77208       999.00000 999.000 999.000       999.00000 999.000 999.000       999.00000 999.000 999.000       999.00000 999.000 999.000       999.00000 999.000 999.000   2456635.77208  14.593   0.023       999.00000 999.000 999.000    
   2456635.83004       999.00000 999.000 999.000       999.00000 999.000 999.000       999.00000 999.000 999.000       999.00000 999.000 999.000       999.00000 999.000 999.000   2456635.83004  14.650   0.020       999.00000 999.000 999.000
   2456635.83281       999.00000 999.000 999.000       999.00000 999.000 999.000       999.00000 999.000 999.000       999.00000 999.000 999.000       999.00000 999.000 999.000   2456635.83281  14.694   0.021       999.00000 999.000 999.000   
   2456635.60178       999.00000 999.000 999.000       999.00000 999.000 999.000       999.00000 999.000 999.000       999.00000 999.000 999.000       999.00000 999.000 999.000       999.00000 999.000 999.000   2456635.60178  14.127   0.054
   2456635.60458       999.00000 999.000 999.000       999.00000 999.000 999.000       999.00000 999.000 999.000       999.00000 999.000 999.000       999.00000 999.000 999.000       999.00000 999.000 999.000   2456635.60458  14.226   0.059
   2456635.60735       999.00000 999.000 999.000       999.00000 999.000 999.000       999.00000 999.000 999.000       999.00000 999.000 999.000       999.00000 999.000 999.000       999.00000 999.000 999.000   2456635.60735  13.971   0.047
   2456635.61014       999.00000 999.000 999.000       999.00000 999.000 999.000       999.00000 999.000 999.000       999.00000 999.000 999.000       999.00000 999.000 999.000       999.00000 999.000 999.000   2456635.61014  14.302   0.051
   2456635.61408       999.00000 999.000 999.000       999.00000 999.000 999.000       999.00000 999.000 999.000       999.00000 999.000 999.000       999.00000 999.000 999.000       999.00000 999.000 999.000   2456635.61408  14.541   0.024   
   2456635.61965       999.00000 999.000 999.000       999.00000 999.000 999.000       999.00000 999.000 999.000       999.00000 999.000 999.000       999.00000 999.000 999.000       999.00000 999.000 999.000   2456635.61965  14.490   0.024   
   2456635.64125       999.00000 999.000 999.000       999.00000 999.000 999.000       999.00000 999.000 999.000       999.00000 999.000 999.000       999.00000 999.000 999.000       999.00000 999.000 999.000   2456635.64125  14.160   0.049
   2456635.64405       999.00000 999.000 999.000       999.00000 999.000 999.000       999.00000 999.000 999.000       999.00000 999.000 999.000       999.00000 999.000 999.000       999.00000 999.000 999.000   2456635.64405  14.296   0.045
   2456635.64681       999.00000 999.000 999.000       999.00000 999.000 999.000       999.00000 999.000 999.000       999.00000 999.000 999.000       999.00000 999.000 999.000       999.00000 999.000 999.000   2456635.64681  14.101   0.040
   2456635.64960       999.00000 999.000 999.000       999.00000 999.000 999.000       999.00000 999.000 999.000       999.00000 999.000 999.000       999.00000 999.000 999.000       999.00000 999.000 999.000   2456635.64960  14.211   0.042
   2456635.68073       999.00000 999.000 999.000       999.00000 999.000 999.000       999.00000 999.000 999.000       999.00000 999.000 999.000       999.00000 999.000 999.000       999.00000 999.000 999.000   2456635.68073  14.253   0.045
   2456635.68353       999.00000 999.000 999.000       999.00000 999.000 999.000       999.00000 999.000 999.000       999.00000 999.000 999.000       999.00000 999.000 999.000       999.00000 999.000 999.000   2456635.68353  14.185   0.042
   2456635.68630       999.00000 999.000 999.000       999.00000 999.000 999.000       999.00000 999.000 999.000       999.00000 999.000 999.000       999.00000 999.000 999.000       999.00000 999.000 999.000   2456635.68630  14.087   0.039
   2456635.68911       999.00000 999.000 999.000       999.00000 999.000 999.000       999.00000 999.000 999.000       999.00000 999.000 999.000       999.00000 999.000 999.000       999.00000 999.000 999.000   2456635.68911  14.348   0.050
   2456635.72032       999.00000 999.000 999.000       999.00000 999.000 999.000       999.00000 999.000 999.000       999.00000 999.000 999.000       999.00000 999.000 999.000       999.00000 999.000 999.000   2456635.72032  14.255   0.054
   2456635.72313       999.00000 999.000 999.000       999.00000 999.000 999.000       999.00000 999.000 999.000       999.00000 999.000 999.000       999.00000 999.000 999.000       999.00000 999.000 999.000   2456635.72313  14.568   0.065
   2456635.72589       999.00000 999.000 999.000       999.00000 999.000 999.000       999.00000 999.000 999.000       999.00000 999.000 999.000       999.00000 999.000 999.000       999.00000 999.000 999.000   2456635.72589  14.252   0.047
   2456635.75978       999.00000 999.000 999.000       999.00000 999.000 999.000       999.00000 999.000 999.000       999.00000 999.000 999.000       999.00000 999.000 999.000       999.00000 999.000 999.000   2456635.75978  13.877   0.033
   2456635.60178       999.00000 999.000 999.000       999.00000 999.000 999.000       999.00000 999.000 999.000       999.00000 999.000 999.000       999.00000 999.000 999.000       999.00000 999.000 999.000   2456635.60178  14.127   0.054
   2456636.60868   2456636.60868  19.080   0.040   2456636.61329  17.991   0.022       999.00000 999.000 999.000   2456636.61683  16.402   0.014   2456636.61324  15.378   0.025   2456636.61678  14.717   0.021   2456636.60863  14.289   0.049
   2456636.65736   2456636.65736  18.945   0.029   2456636.66197  17.989   0.019       999.00000 999.000 999.000   2456636.66550  16.474   0.014   2456636.66192  15.441   0.024   2456636.66545  14.787   0.022   2456636.65785  14.447   0.053
   2456636.70040   2456636.70040  18.860   0.020   2456636.70501  17.916   0.016       999.00000 999.000 999.000   2456636.70856  16.205   0.010   2456636.75391  15.153   0.020   2456636.75743  14.565   0.016   2456636.74931  14.245   0.053
   2456636.74936   2456636.74936  18.786   0.016   2456636.75396  17.737   0.012       999.00000 999.000 999.000   2456636.75747  16.162   0.010   2456636.81093  15.441   0.024   2456636.81444  14.758   0.019   2456636.80633  15.387   0.124
   2456636.80637   2456636.80637  19.086   0.021   2456636.81097  18.012   0.015       999.00000 999.000 999.000   2456636.81449  16.396   0.012   2456636.84809  15.339   0.022   2456636.85162  14.630   0.018   2456636.84350  15.015   0.089
   2456636.84354   2456636.84354  18.969   0.026   2456636.84813  17.936   0.019       999.00000 999.000 999.000   2456636.85167  16.312   0.014       999.00000 999.000 999.000       999.00000 999.000 999.000       999.00000 999.000 999.000
   2456637.60820   2456637.60820  18.866   0.037   2456637.61280  17.718   0.019       999.00000 999.000 999.000   2456637.61633  16.208   0.013   2456637.61275  15.262   0.023   2456637.61628  14.706   0.023   2456637.60815  14.034   0.041
   2456637.64211   2456637.64211  18.690   0.030   2456637.64673  17.899   0.020       999.00000 999.000 999.000   2456637.65024  16.330   0.013   2456637.64668  15.356   0.024   2456637.65019  14.579   0.021   2456637.64260  14.753   0.072
   2456637.68290   2456637.68290  18.668   0.024   2456637.68751  17.620   0.015       999.00000 999.000 999.000   2456637.69104  16.144   0.011   2456637.68746  15.169   0.020   2456637.69099  14.549   0.019   2456637.68286  14.465   0.044
   2456637.73132   2456637.73132  18.945   0.019   2456637.73594  17.889   0.014       999.00000 999.000 999.000   2456637.73946  16.264   0.011   2456637.73590  15.354   0.021   2456637.73942  14.652   0.019   2456637.73181  14.753   0.066
   2456637.78827   2456637.78827  18.917   0.018   2456637.79289  17.807   0.013       999.00000 999.000 999.000   2456637.79639  16.310   0.011   2456637.79285  15.235   0.019   2456637.79635  14.703   0.019   2456637.78876  14.735   0.066
   2456637.83785   2456637.83785  18.716   0.018   2456637.84244  17.751   0.014       999.00000 999.000 999.000   2456637.84596  16.131   0.011   2456637.84240  15.193   0.021   2456637.84592  14.504   0.016   2456637.83835  14.474   0.052
   2456638.59738   2456638.59738  19.118   0.057   2456638.60197  18.091   0.031       999.00000 999.000 999.000   2456638.60549  16.447   0.015   2456638.60192  15.441   0.025   2456638.60545  14.744   0.022   2456638.59790  15.618   0.186
   2456638.64808   2456638.64808  19.115   0.045   2456638.65269  17.898   0.023       999.00000 999.000 999.000   2456638.65620  16.264   0.012   2456638.65264  15.320   0.021   2456638.65616  14.621   0.018   2456638.64856  14.695   0.069
   2456638.65988   2456638.65988  18.866   0.035   2456638.66448  17.770   0.020       999.00000 999.000 999.000   2456638.66800  16.206   0.011   2456638.66443  15.147   0.019   2456638.66796  14.637   0.017   2456638.65983  14.374   0.054
   2456638.67200   2456638.67200  18.990   0.039   2456638.67662  17.849   0.021       999.00000 999.000 999.000   2456638.68014  16.230   0.012   2456638.67657  15.230   0.020   2456638.68010  14.650   0.017   2456638.67195  14.505   0.059
   2456638.68373   2456638.68373  18.969   0.036   2456638.68831  17.724   0.019       999.00000 999.000 999.000   2456638.69184  16.184   0.011   2456638.68827  15.130   0.019   2456638.69179  14.582   0.016   2456638.68368  14.556   0.061
   2456638.69602   2456638.69602  18.882   0.032   2456638.70063  17.819   0.020       999.00000 999.000 999.000   2456638.70415  16.313   0.012   2456638.70058  15.274   0.021   2456638.70411  14.675   0.017   2456638.69597  14.631   0.065
   2456638.73216   2456638.73216  19.129   0.035   2456638.73674  18.009   0.022       999.00000 999.000 999.000   2456638.74025  16.366   0.013   2456638.73670  15.351   0.021       999.00000 999.000 999.000   2456638.73211  14.728   0.066
   2456638.78535   2456638.78535  18.950   0.019   2456638.78992  17.977   0.015       999.00000 999.000 999.000   2456638.79342  16.319   0.011   2456638.78988  15.300   0.021   2456638.79338  14.679   0.018   2456638.78584  14.674   0.058
   2456638.83163   2456638.83163  18.873   0.018   2456638.83623  17.873   0.014       999.00000 999.000 999.000   2456638.83974  16.287   0.011   2456638.83619  15.274   0.020       999.00000 999.000 999.000   2456638.83212  14.277   0.047
# End of Chandra campaign
   2456639.72428   2456639.72428  18.819   0.039   2456639.72773  17.805   0.022       999.00000 999.000 999.000   2456639.73120  16.361   0.013       999.00000 999.000 999.000   2456639.72593  14.735   0.015       999.00000 999.000 999.000
   2456640.76324   2456640.76324  18.797   0.044   2456640.76669  17.813   0.025       999.00000 999.000 999.000   2456640.77016  16.208   0.013       999.00000 999.000 999.000   2456640.76489  14.634   0.018       999.00000 999.000 999.000
   2456641.74686   2456641.74686  18.962   0.072   2456641.75031  17.848   0.034       999.00000 999.000 999.000   2456641.75378  16.199   0.016       999.00000 999.000 999.000   2456641.74848  14.638   0.018       999.00000 999.000 999.000
   2456642.73965       999.00000 999.000 999.000   2456642.73965  18.118   0.129       999.00000 999.000 999.000   2456642.74313  16.547   0.122       999.00000 999.000 999.000   2456642.73668  14.789   0.029       999.00000 999.000 999.000
   2456644.77013       999.00000 999.000 999.000       999.00000 999.000 999.000       999.00000 999.000 999.000   2456644.77013  16.327   0.042       999.00000 999.000 999.000   2456644.76435  14.673   0.016       999.00000 999.000 999.000
   2456645.69973       999.00000 999.000 999.000       999.00000 999.000 999.000       999.00000 999.000 999.000   2456645.69973  16.603   0.040       999.00000 999.000 999.000   2456645.69449  14.774   0.019       999.00000 999.000 999.000
   2456646.74945   2456646.74945  18.564   0.050   2456646.75288  17.630   0.026       999.00000 999.000 999.000   2456646.75632  16.093   0.013       999.00000 999.000 999.000   2456646.75107  14.558   0.014       999.00000 999.000 999.000
   2456647.79428   2456647.79428  18.950   0.059   2456647.79770  18.040   0.034       999.00000 999.000 999.000   2456647.80114  16.373   0.015       999.00000 999.000 999.000   2456647.79590  14.854   0.019       999.00000 999.000 999.000
   2456648.72412   2456648.72412  18.974   0.048   2456648.72754  17.851   0.023       999.00000 999.000 999.000   2456648.73097  16.345   0.013       999.00000 999.000 999.000   2456648.72520  14.734   0.016       999.00000 999.000 999.000
   2456649.65953   2456649.65953  18.780   0.032   2456649.66296  17.768   0.019       999.00000 999.000 999.000   2456649.66640  16.112   0.011       999.00000 999.000 999.000   2456649.66061  14.652   0.018       999.00000 999.000 999.000
   2456650.74427   2456650.74427  19.049   0.039   2456650.74769  18.074   0.023       999.00000 999.000 999.000   2456650.75113  16.405   0.013       999.00000 999.000 999.000   2456650.74535  14.877   0.019       999.00000 999.000 999.000
   2456653.71821   2456653.71821  19.108   0.026   2456653.72628  18.029   0.016       999.00000 999.000 999.000   2456653.72972  16.430   0.012       999.00000 999.000 999.000   2456653.71987  14.766   0.016       999.00000 999.000 999.000
   2456653.72286   2456653.72286  19.027   0.024       999.00000 999.000 999.000       999.00000 999.000 999.000       999.00000 999.000 999.000       999.00000 999.000 999.000       999.00000 999.000 999.000       999.00000 999.000 999.000
   2456653.72628       999.00000 999.000 999.000   2456653.72628  18.029   0.016       999.00000 999.000 999.000   2456653.72972  16.430   0.012       999.00000 999.000 999.000   2456653.71987  14.766   0.016       999.00000 999.000 999.000
   2456653.71821   2456653.71821  19.108   0.026       999.00000 999.000 999.000       999.00000 999.000 999.000       999.00000 999.000 999.000       999.00000 999.000 999.000       999.00000 999.000 999.000       999.00000 999.000 999.000
   2456653.72286   2456653.72286  19.027   0.024   2456653.72628  18.029   0.016       999.00000 999.000 999.000   2456653.72972  16.430   0.012       999.00000 999.000 999.000   2456653.71987  14.766   0.016       999.00000 999.000 999.000
   2456654.73207   2456654.73207  19.062   0.023   2456654.73548  17.929   0.014       999.00000 999.000 999.000   2456654.73892  16.422   0.011       999.00000 999.000 999.000   2456654.73372  14.800   0.017       999.00000 999.000 999.000
   2456655.69895   2456655.69895  19.107   0.025   2456655.70237  18.056   0.016       999.00000 999.000 999.000   2456655.70580  16.398   0.011       999.00000 999.000 999.000   2456655.70057  14.770   0.018       999.00000 999.000 999.000
   2456656.64844   2456656.64844  19.082   0.028   2456656.65185  18.075   0.021       999.00000 999.000 999.000   2456656.65528  16.380   0.014       999.00000 999.000 999.000   2456656.65009  14.821   0.020       999.00000 999.000 999.000
   2456657.66955   2456657.66955  19.225   0.026   2456657.67297  18.072   0.016       999.00000 999.000 999.000   2456657.67641  16.439   0.012       999.00000 999.000 999.000       999.00000 999.000 999.000       999.00000 999.000 999.000
   2456658.75890   2456658.75890  19.176   0.025   2456658.76232  18.048   0.016       999.00000 999.000 999.000   2456658.76576  16.450   0.011       999.00000 999.000 999.000   2456658.76057  14.876   0.019       999.00000 999.000 999.000
   2456659.68751   2456659.68751  19.051   0.025   2456659.69092  18.003   0.016       999.00000 999.000 999.000   2456659.69435  16.329   0.011       999.00000 999.000 999.000   2456659.68916  14.774   0.018       999.00000 999.000 999.000
   2456660.67825   2456660.67825  19.165   0.025   2456660.68166  17.989   0.015       999.00000 999.000 999.000   2456660.68511  16.371   0.012       999.00000 999.000 999.000   2456660.67933  14.802   0.021       999.00000 999.000 999.000
   2456661.75070   2456661.75070  19.239   0.031   2456661.75412  17.958   0.017       999.00000 999.000 999.000   2456661.75755  16.363   0.013       999.00000 999.000 999.000   2456661.75232  14.701   0.018       999.00000 999.000 999.000
   2456662.62024   2456662.62024  19.140   0.025   2456662.62366  18.033   0.016       999.00000 999.000 999.000   2456662.62711  16.428   0.012       999.00000 999.000 999.000   2456662.62185  14.822   0.018       999.00000 999.000 999.000
   2456663.66449   2456663.66449  19.071   0.026   2456663.66790  18.036   0.018       999.00000 999.000 999.000   2456663.67135  16.360   0.013       999.00000 999.000 999.000   2456663.66615  14.815   0.021       999.00000 999.000 999.000
   2456664.67142   2456664.67142  18.950   0.021   2456664.67483  17.956   0.015       999.00000 999.000 999.000   2456664.67827  16.223   0.011       999.00000 999.000 999.000   2456664.67306  14.694   0.017       999.00000 999.000 999.000
   2456665.67009   2456665.67009  18.892   0.024   2456665.67351  17.197   0.009       999.00000 999.000 999.000   2456665.67695  16.258   0.011       999.00000 999.000 999.000   2456665.67171  14.640   0.016       999.00000 999.000 999.000
   2456666.65417   2456666.65417  18.944   0.036   2456666.65760  17.792   0.018       999.00000 999.000 999.000   2456666.66105  16.165   0.011       999.00000 999.000 999.000   2456666.65579  14.657   0.015       999.00000 999.000 999.000
   2456668.60969   2456668.60969  19.038   0.051   2456668.61311  17.864   0.023       999.00000 999.000 999.000   2456668.61656  16.343   0.012       999.00000 999.000 999.000   2456668.61130  14.696   0.017       999.00000 999.000 999.000
   2456669.64035   2456669.64035  18.807   0.055   2456669.64381  17.725   0.027       999.00000 999.000 999.000   2456669.64730  16.132   0.015       999.00000 999.000 999.000   2456669.64200  14.540   0.018       999.00000 999.000 999.000
   2456670.71762   2456670.71762  19.254   0.128   2456670.72109  18.070   0.063       999.00000 999.000 999.000   2456670.72458  16.360   0.033       999.00000 999.000 999.000   2456670.71869  14.848   0.020       999.00000 999.000 999.000
   2456671.72229   2456671.72229  18.843   0.116   2456671.72575  18.096   0.092       999.00000 999.000 999.000   2456671.72924  16.587   0.056       999.00000 999.000 999.000   2456671.72335  14.715   0.020       999.00000 999.000 999.000
   2456673.69339   2456673.69339  18.777   0.110   2456673.69685  17.841   0.057       999.00000 999.000 999.000   2456673.70034  16.236   0.026       999.00000 999.000 999.000   2456673.69445  14.691   0.019       999.00000 999.000 999.000
   2456675.75720       999.00000 999.000 999.000   2456675.75720  18.090   0.087       999.00000 999.000 999.000   2456675.76069  16.374   0.031       999.00000 999.000 999.000   2456675.75368  14.981   0.028       999.00000 999.000 999.000
   2456676.68204   2456676.68204  19.091   0.073   2456676.68551  17.913   0.031       999.00000 999.000 999.000   2456676.68899  16.285   0.015       999.00000 999.000 999.000   2456676.68311  14.706   0.017       999.00000 999.000 999.000
   2456677.68290   2456677.68290  19.329   0.070   2456677.68637  18.141   0.031       999.00000 999.000 999.000   2456677.68985  16.449   0.016       999.00000 999.000 999.000   2456677.68397  14.807   0.019       999.00000 999.000 999.000
   2456678.66552   2456678.66552  19.099   0.048   2456678.66897  18.085   0.025       999.00000 999.000 999.000   2456678.67245  16.430   0.014       999.00000 999.000 999.000   2456678.66605  14.832   0.020       999.00000 999.000 999.000
   2456681.68548   2456681.68548  18.482   0.055   2456681.68892  17.872   0.138       999.00000 999.000 999.000   2456681.69239  16.215   0.043       999.00000 999.000 999.000   2456681.68654  14.819   0.067       999.00000 999.000 999.000
   2456682.70965   2456682.70965  19.120   0.033   2456682.71309  17.963   0.019       999.00000 999.000 999.000   2456682.71655  16.274   0.012       999.00000 999.000 999.000   2456682.71126  14.788   0.019       999.00000 999.000 999.000
   2456683.63758   2456683.63758  19.200   0.027   2456683.64101  18.075   0.016       999.00000 999.000 999.000   2456683.64445  16.466   0.013       999.00000 999.000 999.000   2456683.63923  14.872   0.020       999.00000 999.000 999.000
   2456684.72264   2456684.72264  19.027   0.027   2456684.72606  17.843   0.016       999.00000 999.000 999.000   2456684.72950  16.275   0.012       999.00000 999.000 999.000   2456684.72261  14.726   0.018       999.00000 999.000 999.000
   2456686.58259   2456686.58259  19.105   0.026   2456686.58602  18.002   0.017       999.00000 999.000 999.000   2456686.58946  16.340   0.012       999.00000 999.000 999.000   2456686.58426  14.838   0.019       999.00000 999.000 999.000
   2456687.59920   2456687.59920  19.157   0.027   2456687.60262  17.992   0.017       999.00000 999.000 999.000   2456687.60607  16.341   0.011       999.00000 999.000 999.000   2456687.60084  14.764   0.017       999.00000 999.000 999.000
   2456688.64887   2456688.64887  19.099   0.029   2456688.65234  18.145   0.020       999.00000 999.000 999.000   2456688.65583  16.422   0.013       999.00000 999.000 999.000   2456688.65048  14.845   0.020       999.00000 999.000 999.000
   2456689.61231       999.00000 999.000 999.000   2456689.61231  18.032   0.016       999.00000 999.000 999.000   2456689.61579  16.402   0.012       999.00000 999.000 999.000   2456689.60993  14.814   0.018       999.00000 999.000 999.000
   2456690.61723       999.00000 999.000 999.000   2456690.61723  18.073   0.017       999.00000 999.000 999.000   2456690.62072  16.376   0.011       999.00000 999.000 999.000   2456690.61537  14.877   0.018       999.00000 999.000 999.000
   2456691.63646   2456691.63646  19.014   0.022   2456691.63992  17.875   0.014       999.00000 999.000 999.000   2456691.64341  16.224   0.011       999.00000 999.000 999.000   2456691.63753  14.762   0.019       999.00000 999.000 999.000
   2456692.64947   2456692.64947  18.843   0.019   2456692.65292  17.820   0.013       999.00000 999.000 999.000   2456692.65639  16.117   0.010       999.00000 999.000 999.000   2456692.65054  14.697   0.018       999.00000 999.000 999.000
   2456695.63078   2456695.63078  18.843   0.030   2456695.63425  17.999   0.020       999.00000 999.000 999.000   2456695.63773  16.342   0.013       999.00000 999.000 999.000   2456695.63185  14.755   0.019       999.00000 999.000 999.000
   2456696.59747   2456696.59747  19.018   0.044   2456696.60094  17.993   0.024       999.00000 999.000 999.000   2456696.60443  16.265   0.014       999.00000 999.000 999.000   2456696.59909  14.637   0.017       999.00000 999.000 999.000
   2456697.57772   2456697.57772  19.115   0.060   2456697.58118  18.058   0.033       999.00000 999.000 999.000   2456697.58465  16.330   0.017       999.00000 999.000 999.000   2456697.57933  14.763   0.017       999.00000 999.000 999.000
   2456698.61790   2456698.61790  19.225   0.090   2456698.62136  18.265   0.059       999.00000 999.000 999.000   2456698.62483  16.555   0.033       999.00000 999.000 999.000   2456698.61897  14.711   0.019       999.00000 999.000 999.000
   2456699.60027   2456699.60027  18.890   0.079   2456699.60373  18.123   0.061       999.00000 999.000 999.000   2456699.60721  16.416   0.031       999.00000 999.000 999.000   2456699.60188  14.746   0.017       999.00000 999.000 999.000
   2456700.55061   2456700.55061  19.285   0.113   2456700.55405  18.282   0.065       999.00000 999.000 999.000   2456700.55752  16.467   0.030       999.00000 999.000 999.000   2456700.55168  14.795   0.019       999.00000 999.000 999.000
   2456701.57532   2456701.57532  19.223   0.100   2456701.57877  18.215   0.053       999.00000 999.000 999.000   2456701.58223  16.470   0.021       999.00000 999.000 999.000   2456701.57638  14.879   0.019       999.00000 999.000 999.000
   2456703.62684       999.00000 999.000 999.000   2456703.62684  17.702   0.041       999.00000 999.000 999.000   2456703.63034  16.255   0.021   2456703.62680  15.170   0.024   2456703.63030  14.661   0.021   2456703.62220  15.322   0.152
   2456705.61297   2456705.61297  19.147   0.075   2456705.61639  18.122   0.037       999.00000 999.000 999.000   2456705.61983  16.412   0.017       999.00000 999.000 999.000   2456705.61404  14.784   0.019       999.00000 999.000 999.000
   2456707.59185   2456707.59185  19.178   0.051   2456707.59529  18.077   0.026       999.00000 999.000 999.000   2456707.59876  16.489   0.016       999.00000 999.000 999.000   2456707.59292  14.870   0.020       999.00000 999.000 999.000
   2456709.56796   2456709.56796  19.146   0.028   2456709.57141  18.040   0.018       999.00000 999.000 999.000   2456709.57488  16.377   0.012       999.00000 999.000 999.000   2456709.56956  14.815   0.019       999.00000 999.000 999.000
   2456711.58436   2456711.58436  19.206   0.027   2456711.58781  18.133   0.018       999.00000 999.000 999.000   2456711.59128  16.507   0.015       999.00000 999.000 999.000   2456711.58543  14.914   0.023       999.00000 999.000 999.000
   2456713.55565   2456713.55565  19.142   0.028   2456713.55911  18.110   0.018       999.00000 999.000 999.000   2456713.56259  16.489   0.014       999.00000 999.000 999.000   2456713.55672  14.973   0.023       999.00000 999.000 999.000
   2456715.54265   2456715.54265  19.109   0.024   2456715.54611  17.942   0.014       999.00000 999.000 999.000   2456715.54959  16.373   0.011       999.00000 999.000 999.000   2456715.54426  14.847   0.019       999.00000 999.000 999.000
   2456717.61051   2456717.61051  19.224   0.029   2456717.61397  18.106   0.018       999.00000 999.000 999.000   2456717.61744  16.423   0.013       999.00000 999.000 999.000   2456717.61159  14.947   0.021       999.00000 999.000 999.000
   2456719.58283   2456719.58283  19.117   0.024   2456719.58628  17.992   0.016       999.00000 999.000 999.000   2456719.58977  16.323   0.012       999.00000 999.000 999.000   2456719.58391  14.738   0.018       999.00000 999.000 999.000
   2456721.57484   2456721.57484  19.222   0.026   2456721.57830  18.125   0.017       999.00000 999.000 999.000   2456721.58178  16.530   0.013       999.00000 999.000 999.000   2456721.57591  14.963   0.019       999.00000 999.000 999.000
   2456723.60122   2456723.60122  19.027   0.028   2456723.60468  17.984   0.018       999.00000 999.000 999.000   2456723.60815  16.336   0.013       999.00000 999.000 999.000   2456723.60230  14.832   0.017       999.00000 999.000 999.000
   2456725.55909   2456725.55909  19.136   0.059   2456725.56255  17.902   0.027       999.00000 999.000 999.000   2456725.56602  16.263   0.016       999.00000 999.000 999.000   2456725.56075  14.865   0.021       999.00000 999.000 999.000
   2456727.56180   2456727.56180  19.353   0.079   2456727.56526  18.067   0.036       999.00000 999.000 999.000   2456727.56874  16.447   0.019       999.00000 999.000 999.000   2456727.56287  14.892   0.019       999.00000 999.000 999.000
   2456729.54313   2456729.54313  19.432   0.088   2456729.54658  18.138   0.035       999.00000 999.000 999.000   2456729.55006  16.501   0.017       999.00000 999.000 999.000   2456729.54473  14.906   0.019       999.00000 999.000 999.000
   2456731.54704   2456731.54704  19.197   0.091   2456731.55050  18.102   0.039       999.00000 999.000 999.000   2456731.55399  16.349   0.015       999.00000 999.000 999.000   2456731.54865  14.880   0.020       999.00000 999.000 999.000
   2456733.52011   2456733.52011  19.170   0.083   2456733.52357  18.014   0.034       999.00000 999.000 999.000   2456733.52705  16.340   0.015       999.00000 999.000 999.000   2456733.52118  14.803   0.018       999.00000 999.000 999.000
   2456735.52371   2456735.52371  19.003   0.046   2456735.52717  17.947   0.025       999.00000 999.000 999.000   2456735.53065  16.346   0.014       999.00000 999.000 999.000   2456735.52477  14.770   0.019       999.00000 999.000 999.000
   2456737.59657   2456737.59657  19.140   0.059   2456737.60002  18.023   0.028       999.00000 999.000 999.000   2456737.60349  16.404   0.014       999.00000 999.000 999.000   2456737.59820  14.834   0.017       999.00000 999.000 999.000
   2456739.54637   2456739.54637  19.021   0.022   2456739.54983  18.103   0.017       999.00000 999.000 999.000   2456739.55331  16.439   0.013       999.00000 999.000 999.000   2456739.54744  14.839   0.017       999.00000 999.000 999.000
   2456741.57004   2456741.57004  19.066   0.025   2456741.57351  17.873   0.016       999.00000 999.000 999.000   2456741.57700  16.310   0.012       999.00000 999.000 999.000   2456741.57112  14.702   0.017       999.00000 999.000 999.000
   2456743.56938   2456743.56938  19.127   0.031   2456743.57282  18.062   0.021       999.00000 999.000 999.000   2456743.57628  16.409   0.015       999.00000 999.000 999.000   2456743.57101  14.909   0.029       999.00000 999.000 999.000
   2456745.55546   2456745.55546  19.069   0.026   2456745.55893  17.907   0.016       999.00000 999.000 999.000   2456745.56243  16.130   0.011       999.00000 999.000 999.000   2456745.55652  14.778   0.021       999.00000 999.000 999.000
   2456747.53258   2456747.53258  19.016   0.028   2456747.53601  17.797   0.018       999.00000 999.000 999.000   2456747.53947  16.171   0.012       999.00000 999.000 999.000   2456747.53365  14.732   0.023       999.00000 999.000 999.000
   2456749.53113   2456749.53113  18.936   0.023   2456749.53460  17.871   0.016       999.00000 999.000 999.000   2456749.53807  16.262   0.011       999.00000 999.000 999.000   2456749.53222  14.680   0.017       999.00000 999.000 999.000
   2456751.52349   2456751.52349  19.041   0.061   2456751.52694  17.860   0.039       999.00000 999.000 999.000   2456751.53041  16.323   0.031       999.00000 999.000 999.000   2456751.52456  14.906   0.041       999.00000 999.000 999.000
   2456753.49946   2456753.49946  18.987   0.037   2456753.50291  17.885   0.022       999.00000 999.000 999.000   2456753.50639  16.294   0.015       999.00000 999.000 999.000   2456753.50108  14.782   0.021       999.00000 999.000 999.000
   2456755.51558       999.00000 999.000 999.000       999.00000 999.000 999.000       999.00000 999.000 999.000       999.00000 999.000 999.000       999.00000 999.000 999.000   2456755.51558  14.797   0.038       999.00000 999.000 999.000
   2456757.56642       999.00000 999.000 999.000       999.00000 999.000 999.000       999.00000 999.000 999.000   2456757.56642  16.147   0.017       999.00000 999.000 999.000   2456757.55351  14.630   0.019       999.00000 999.000 999.000
   2456759.51751   2456759.51751  18.672   0.049   2456759.52096  17.822   0.028       999.00000 999.000 999.000   2456759.52441  16.265   0.015       999.00000 999.000 999.000   2456759.51918  14.771   0.020       999.00000 999.000 999.000
   2456761.51570       999.00000 999.000 999.000       999.00000 999.000 999.000       999.00000 999.000 999.000       999.00000 999.000 999.000       999.00000 999.000 999.000   2456761.51570  14.783   0.030       999.00000 999.000 999.000
   2456763.49873   2456763.49873  18.878   0.067   2456763.50218  17.800   0.032       999.00000 999.000 999.000   2456763.50566  16.264   0.017       999.00000 999.000 999.000   2456763.49870  14.638   0.020       999.00000 999.000 999.000
   2456766.50322   2456766.50322  18.972   0.025   2456766.50666  17.911   0.019       999.00000 999.000 999.000   2456766.51013  16.291   0.016       999.00000 999.000 999.000   2456766.50376  14.669   0.022       999.00000 999.000 999.000
   2456768.49762   2456768.49762  18.775   0.019   2456768.50107  17.723   0.014       999.00000 999.000 999.000   2456768.50454  16.095   0.011       999.00000 999.000 999.000   2456768.49870  14.627   0.018       999.00000 999.000 999.000
   2456770.47708   2456770.47708  18.662   0.019   2456770.48051  17.515   0.012       999.00000 999.000 999.000   2456770.48397  16.029   0.010       999.00000 999.000 999.000   2456770.47815  14.513   0.016       999.00000 999.000 999.000
   2456773.50285   2456773.50285  18.891   0.028   2456773.50625  17.794   0.021       999.00000 999.000 999.000   2456773.50966  16.242   0.020       999.00000 999.000 999.000       999.00000 999.000 999.000       999.00000 999.000 999.000
   2456776.48275   2456776.48275  17.635   0.009   2456776.48616  17.745   0.015       999.00000 999.000 999.000   2456776.48958  16.267   0.013       999.00000 999.000 999.000       999.00000 999.000 999.000       999.00000 999.000 999.000
   2456924.82566       999.00000 999.000 999.000       999.00000 999.000 999.000       999.00000 999.000 999.000       999.00000 999.000 999.000       999.00000 999.000 999.000   2456924.82566  14.596   0.017       999.00000 999.000 999.000
