# jd	phase	mag	magdiff	activity
2453089.86248	0.00321000000000005	12.8518	0.0275440174783306	passive
2452892.65705	0.00517999999999996	12.79197	-0.031141912817974	passive
2454760.52816	0.00561	12.8842	0.0613308490906679	active
2453413.86156	0.00661	12.80469	-0.0176254717272215	passive
2455295.81908	0.00683	12.79175	-0.0304458180516924	passive
2452940.55599	0.00690000000000002	12.82141	-0.000747916156653261	passive
2452782.78914	0.00758999999999999	12.79746	-0.024328827435772	passive
2452086.9192	0.00871	12.73478	-0.0864281559480169	passive
2452878.59637	0.01435	12.83719	0.0184868515243561	passive
2452396.8381	0.01436	12.88956	0.0708605743621273	passive
2454926.77645	0.0154	12.74965	-0.0686780047644309	passive
2455453.61208	0.01542	12.68464	-0.13368117369596	active
2455343.74142	0.01686	12.77625	-0.0416115834034603	passive
2453650.54377	0.0169	12.87109	0.0532402523220696	passive
2452813.80771	0.01763	12.93013	0.112487100638841	passive
2454247.81401	0.01784	12.77292	-0.0446666590337941	active
2455501.51316	0.0179	12.77527	-0.0423008623678189	active
2452334.8704	0.01894	12.90699	0.0896733562366858	passive
2454540.81798	0.01953	12.88819	0.0710006931473437	passive
2454326.70796	0.02123	12.91204	0.0951459437590714	passive
2452957.50558	0.02315	12.79646	-0.0202359891001436	passive
2452041.8971	0.02813	12.86681	0.0499016513103072	passive
2454681.71151	0.02966	12.9494	0.132226326195264	passive
2454777.50954	0.03315	12.75478	-0.063290888576951	active
2454295.75743	0.03535	12.75472	-0.0640931036622483	active
2452027.8349	0.03676	12.82148	0.00213217453182502	passive
2454895.84795	0.03734	12.79224	-0.0273394549753121	active
2454343.66852	0.04138	12.80661	-0.0147317952890624	passive
2452351.8388	0.04187	12.93154	0.109970760833342	passive
2453154.77058	0.04232	12.86027	0.0384900198389619	passive
2455470.5936	0.04301	12.60221	-0.219896128608344	active
2453430.87096	0.04409	12.76369	-0.0589324398122884	passive
2453168.86398	0.04477	12.83176	0.00880987095343855	passive
2455281.84731	0.04756	12.85783	0.033529908494609	passive
2455036.74472	0.04862	12.83952	0.0147112575043593	passive
2455408.62959	0.0489000000000001	12.65641	-0.16853216490469	active
2454943.78139	0.0513	12.89155	0.065488814846189	passive
2452492.7367	0.05354	12.93976	0.112712252150692	passive
2453281.58187	0.05396	12.80505	-0.0221745080871134	passive
2454360.60987	0.0547	12.80085	-0.0266785934927487	passive
2452382.8711	0.05677	12.8362	0.00787724114466037	passive
2451996.9053	0.0583	12.91283	0.0839821683115947	passive
2452895.62535	0.0587800000000001	12.81696	-0.0120403208830826	passive
2453092.83871	0.05962	12.77943	-0.0498219918732854	passive
2452943.52574	0.06101	12.86443	0.0348069771147337	passive
2455250.90366	0.06411	12.72227	-0.107950261173348	passive
2453140.75401	0.06714	12.85603	0.0255826760281881	passive
2453202.73633	0.06775	12.67969	-0.150755097915443	active
2454684.64294	0.07017	12.90846	0.0781977755060037	passive
2454298.67439	0.07072	12.70306	-0.127119820230556	active
2452075.8265	0.07136	12.90916	0.0790960838865633	passive
2452399.8225	0.07367	12.86063	0.0311719602864233	passive
2454588.86643	0.0743200000000001	12.83638	0.00714784561096415	passive
2454329.67495	0.07436	12.82011	-0.00910742971162826	passive
2455070.63034	0.07631	12.95944	0.131058450101849	passive
2452337.8512	0.07697	12.94222	0.114173063739129	passive
2455425.62969	0.08308	12.61893	-0.204878705718707	active
2452140.661	0.08435	12.79803	-0.0246607162940577	passive
2452929.5051	0.08439	12.81257	-0.0100842890429043	passive
2453109.81597	0.08569	12.82396	0.0025286982027577	passive
2452853.45118	0.08907	12.44374	-0.374177648841432	active
2455267.87845	0.08931	12.82505	0.00739896691769459	passive
2454574.83287	0.09311	12.8148	0.00164068523842964	passive
2455377.76387	0.09312	12.70119	-0.111956867396495	passive
2455298.88672	0.0956900000000001	12.74706	-0.0627907676298278	passive
2454315.64929	0.09596	12.7955	-0.0139938723937512	passive
2452157.6098	0.10033	12.84263	0.0391516992219856	passive
2453670.50217	0.10113	12.8242	0.0218653478430433	passive
2452495.6883	0.10121	12.79341	-0.00880967044030001	passive
2455315.80674	0.10145	12.71122	-0.0906540767582449	passive
2453171.85781	0.10743	12.8874	0.0943845883828747	passive
2454543.89461	0.11158	12.79244	0.00572852834490689	passive
2452016.7777	0.112	12.73016	-0.0559120949510934	passive
2452464.7285	0.11204	12.49225	-0.293761212691694	active
2452354.8542	0.11218	12.82315	0.0373518561905506	passive
2452898.6058	0.11669	12.7668	-0.0121780158825349	passive
2453639.55737	0.11728	12.7554	-0.022696551655951	passive
2455380.65792	0.12036	12.67781	-0.0957516132037775	passive
2452740.85271	0.12227	12.81654	0.0457193929136803	passive
2455459.56585	0.12871	12.45647	-0.305665414498147	active
2455301.80087	0.13007	12.71805	-0.0423679185630252	passive
2454284.7636	0.13309	12.43502	-0.321717271577009	active
2452467.6063	0.13351	12.74097	-0.0152692500136613	passive
2452512.6849	0.13415	12.62135	-0.134136589727797	passive
2452371.8243	0.13572	12.75205	-0.00162117032245845	passive
2453112.78091	0.1381	12.76897	0.0179713193893871	passive
2453656.51986	0.13811	12.73878	-0.0122076444379591	passive
2453174.77566	0.14312	12.69905	-0.0465927867862383	passive
2452819.81015	0.14819	12.84802	0.107463172599441	passive
2452481.7376	0.14942	12.77383	0.0344668391445317	passive
2454946.87852	0.15063	12.73573	-0.00247200657085145	passive
2454301.71799	0.15105	12.70023	-0.0375718039810788	active
2454563.72714	0.15113	12.70388	-0.0338457341763494	passive
2455042.67216	0.15256	12.81313	0.0767558327116635	passive
2454639.80057	0.15338	12.78286	0.0472542964975275	passive
2454546.84836	0.16001	12.65788	-0.0716442064805669	passive
2454349.63751	0.16007	12.70868	-0.0207899403153338	passive
2453081.85274	0.16015	12.73844	0.00904240066243034	passive
2452078.8947	0.16042	12.73456	0.0054064379744645	passive
2454577.84364	0.16178	12.8224	0.0944733794731203	passive
2452129.6115	0.16234	12.70134	-0.0260822815999937	passive
2452743.79207	0.16559	12.62588	-0.0986189640135731	passive
2453673.50663	0.16756	12.76601	0.0432859240509895	passive
2455287.82357	0.16883	12.71811	-0.0034660270437854	passive
2452498.6999	0.17018	12.68632	-0.0340307443564321	passive
2452388.8343	0.17341	12.71806	0.00067006444982276	passive
2455445.6134	0.17629	12.45145	-0.263252369880592	active
2452033.8715	0.17944	12.80333	0.0916259637723407	passive
2452791.72658	0.17993	12.73042	0.019187647352565	passive
2454901.885	0.18019	12.57275	-0.138231514209238	active
2453287.58095	0.18333	12.71332	0.00539729296095182	passive
2454594.81025	0.18408	12.74328	0.0360956377929025	passive
2453129.81497	0.18433	12.70983	0.0028923892942867	passive
2452853.72017	0.18455	12.33583	-0.370890209335737	active
2453098.82717	0.18522	12.70082	-0.00523664107691069	passive
2452112.7726	0.18537	12.51072	-0.195187778545245	passive
2455335.76567	0.18587	12.62021	-0.0852007818763454	passive
2452949.51943	0.18847	12.66992	-0.0328875220992266	passive
2452901.64401	0.1951	12.73493	0.0388888608710811	passive
2452870.65416	0.19526	12.67141	-0.0244658354988907	passive
2455414.68179	0.19712	12.35724	-0.336708053852755	active
2454949.8278	0.19748	12.61866	-0.0749136802754702	passive
2455304.82153	0.20225	12.60263	-0.0859491997670609	passive
2452019.8532	0.20365	12.71023	0.0231272534912961	passive
2454887.86547	0.20396	12.56228	-0.124495257023783	active
2454642.76049	0.204	12.69809	0.0113570138605272	passive
2452918.57592	0.20508	12.71652	0.0309295082849541	passive
2453194.67562	0.20661	12.62477	-0.0591983316299203	active
2453659.53397	0.20797	12.71233	0.0298067579427563	passive
2455242.85882	0.2086	12.6307	-0.0511529276162346	passive
2453115.797	0.20866	12.72385	0.0420609393325861	passive
2454952.67739	0.20894	12.70579	0.024299045914983	passive
2453146.78843	0.20906	12.64909	-0.0322731640205625	passive
2454256.80993	0.21094	12.32153	-0.357828981398288	active
2454304.7046	0.21114	12.50501	-0.174135557349024	active
2452343.8691	0.21302	12.68715	0.0100122354897696	passive
2454352.61364	0.21644	12.5666	-0.106880396079651	passive
2452115.6832	0.21849	12.60996	-0.0613271972950109	passive
2455028.77202	0.21871	12.66031	-0.0107418615914217	passive
2452081.88	0.22005	12.65853	-0.0110887803448918	passive
2455352.77275	0.22252	12.60919	-0.0577896493877041	passive
2454611.8296	0.22509	12.72382	0.0595808478732351	passive
2454597.74589	0.22608	12.67949	0.0163043126664739	passive
2454369.54678	0.22686	12.6243	-0.038057225266245	passive
2454628.74243	0.2283	12.6973	0.0364669670342792	passive
2454755.52119	0.22839	12.31446	-0.346278051190012	active
2453273.62253	0.22879	12.64047	-0.0198463718606057	passive
2452935.54825	0.2294	12.66121	0.00153512433569425	passive
2453676.50583	0.23213	12.75097	0.094137244478377	passive
2452360.8311	0.23368	12.61526	-0.0399854819132575	passive
2452904.57425	0.23519	12.66998	0.0162579972729198	passive
2454904.86685	0.2386	12.51785	-0.132532545596519	passive
2454659.7876	0.24777	12.62667	-0.0156973040918249	passive
2452005.8924	0.24827	12.69928	0.0572987508031737	passive
2455321.855	0.24828	12.6692	0.0272264099034647	passive
2453180.70764	0.24867	12.32197	-0.319706804966181	active
2454290.72423	0.24881	12.52131	-0.120261186514181	active
2452329.8851	0.24941	12.74408	0.102955876509046	passive
2452952.51797	0.2528	12.54978	-0.0889977395494714	passive
2453211.71339	0.25416	12.61224	-0.0256879124074096	passive
2455031.69637	0.25671	12.64257	0.00608217587127946	passive
2454273.84283	0.25676	12.36828	-0.268181672130272	active
2453211.72181	0.25715	12.6025	-0.0337605242314858	passive
2454338.64449	0.2581	12.59833	-0.0374618944404297	passive
2453101.86108	0.26211	12.6317	-0.00246501774259222	passive
2455017.63834	0.26681	12.63915	0.00610301860113971	passive
2455245.84464	0.26842	12.65255	0.0196727979435796	passive
2452053.8442	0.26875	12.66188	0.0290234536599101	passive
2454307.68604	0.2694	12.61947	-0.0133602086962821	active
2453135.69151	0.27021	12.63581	0.00298562248608647	passive
2454724.64944	0.27047	12.66893	0.0361010653834999	passive
2452487.7216	0.27344	12.72598	0.0928708703680243	passive
2452921.58816	0.27427	12.66892	0.0356554269623093	passive
2452039.778	0.27596	12.62994	-0.00374885631828015	passive
2454645.7874	0.2784	12.66655	0.0319961808554883	passive
2455434.63626	0.27996	12.33133	-0.303928029530658	active
2454355.61257	0.28091	12.5947	-0.0410429286908194	passive
2455307.86076	0.28102	12.65354	0.0177382288071453	passive
2452118.6845	0.2838	12.7461	0.108629844354615	passive
2453293.49913	0.28399	12.59748	-0.0401166599908684	passive
2452394.7809	0.28416	12.66711	0.0293988267229892	passive
2452890.63195	0.28637	12.67026	0.0309482378504775	passive
2453149.82572	0.28714	12.63146	-0.00845720029854213	passive
2453087.84906	0.28854	12.62699	-0.014089293806574	passive
2454372.53952	0.28913	12.71522	0.0736277510803838	passive
2452535.664	0.29058	12.65479	0.011880097291975	passive
2455355.78195	0.29064	12.62718	-0.0157861443804901	passive
2455276.90382	0.29287	12.78678	0.141629493048491	passive
2455048.70214	0.2929	12.61212	-0.0330611186301351	passive
2454938.82761	0.29296	12.7453	0.100057562227317	passive
2452332.8267	0.29353	12.73543	0.0895986953025272	passive
2454907.83992	0.29389	12.60435	-0.0418590785715729	passive
2455324.81072	0.29741	12.6049	-0.0452329457605565	passive
2455386.79344	0.29816	12.62905	-0.0219707789872459	passive
2454758.546	0.30204	12.35803	-0.297852900965283	active
2455293.8348	0.30251	12.64175	-0.0147509667100358	passive
2454600.78008	0.30307	12.72375	0.0665048195681202	passive
2453217.48701	0.3035	12.58522	-0.0726022923582565	passive
2455341.73878	0.30602	12.64413	-0.0171694990287428	passive
2455375.54866	0.30683	12.68691	0.0244598184352167	passive
2452876.60537	0.30764	12.58711	-0.0765061282547972	passive
2455372.73642	0.30862	12.71491	0.0498634813095542	passive
2453648.55028	0.30931	12.70691	0.0408438213962832	passive
2452363.8676	0.31149	12.71686	0.047507676029678	passive
2453104.81788	0.31162	12.70731	0.0377587437871991	passive
2452924.51379	0.31272	12.67587	0.00462276669743922	passive
2453245.68707	0.31311	12.61362	-0.0582338529925384	passive
2454276.82261	0.31444	12.43589	-0.238052576567009	active
2454245.83257	0.31453	12.36549	-0.30859500198652	active
2454341.63164	0.31839	12.648	-0.0323109322279258	passive
2452008.9087	0.3189	12.66534	-0.0158092457606731	passive
2452907.62877	0.31939	12.7169	0.0349422084972879	passive
2453152.7392	0.32128	12.69639	0.0112869081480067	passive
2454775.50505	0.32166	12.41827	-0.267470237751336	active
2454538.85348	0.32223	12.74567	0.0589712817256132	passive
2454293.75358	0.32408	12.42503	-0.264800576241838	active
2453197.82421	0.3242	12.64235	-0.0476847448702955	active
2455375.60099	0.3254	12.71671	0.0246274572649181	passive
2452521.6795	0.32678	12.71063	0.0161798288438515	passive
2453459.84306	0.32773	12.6466	-0.0494872467058407	passive
2455468.5823	0.3291	12.2573	-0.441157404175476	active
2453310.53111	0.32949	12.68796	-0.0111739760544918	passive
2453428.85773	0.32949	12.71299	0.0138560239455074	passive
2454744.54138	0.33111	12.31632	-0.385632220949173	active
2454648.75833	0.33294	12.6461	-0.0590489968625754	passive
2452876.69026	0.33777	12.75229	0.0386589189103894	passive
2455375.63983	0.33919	12.77101	0.0548789696529077	passive
2452538.6204	0.33995	12.76169	0.0442207861014943	passive
2452490.731	0.34162	12.69547	-0.0249388188779669	passive
2454279.72706	0.34537	12.457	-0.269994686600194	active
2452025.8883	0.34581	12.7392	0.0114348517587377	passive
2452397.7738	0.34648	12.73035	0.00141287500412268	passive
2452845.72948	0.34825	12.66613	-0.0658950675634351	passive
2452893.6272	0.34954	12.76863	0.0343631182440873	passive
2453090.84215	0.35094	12.71014	-0.0265501150977432	passive
2455375.67975	0.35336	12.72515	-0.0157009257405356	passive
2453231.71406	0.35339	12.67276	-0.0681422600548824	passive
2453138.74805	0.35513	12.72028	-0.0235882492118495	passive
2452087.8975	0.35596	12.80204	0.0567653065004023	passive
2453279.6174	0.35667	12.65912	-0.0873532038034472	passive
2452104.8052	0.35735	12.81945	0.0718330751999456	passive
2453634.60482	0.35938	12.7072	-0.0438055309288945	passive
2454761.52676	0.36006	12.39427	-0.357861479552083	active
2453651.51829	0.36281	12.77511	0.0184762573407316	passive
2455296.83126	0.36611	12.73539	-0.0265266857633506	passive
2452011.8625	0.36736	12.80934	0.0454598389801024	passive
2455020.74368	0.36905	12.78568	0.0191807305343996	passive
2452090.762	0.37272	12.76818	-0.00385530877787943	passive
2452335.8703	0.37385	12.66681	-0.10688507782595	passive
2454327.70193	0.37404	12.83257	0.0585980230004974	passive
2455265.87314	0.37753	12.74597	-0.0329756783238242	passive
2455375.74833	0.3777	12.8804	0.101217203627638	passive
2455392.65546	0.37888	12.38507	-0.395746806496785	active
2455375.75462	0.37993	12.81759	0.0353356575470194	passive
2452752.85341	0.38191	12.76195	-0.0229774031879586	passive
2454730.59902	0.38227	12.70798	-0.077428619918237	passive
2455375.76175	0.38247	12.79672	0.0110446248371154	passive
2455423.65698	0.38287	12.36413	-0.422077667498771	active
2454651.71907	0.38385	12.85138	0.0638747047325392	passive
2455375.76885	0.38499	12.82424	0.0352357433013228	passive
2454296.74283	0.38511	12.58166	-0.207501443285363	active
2453169.8269	0.38656	12.84714	0.0560871497427442	passive
2455375.77597	0.38751	12.85591	0.0636248846221168	passive
2453107.85178	0.3885	12.75351	-0.0400545707743216	passive
2455375.7837	0.39026	12.84103	0.0451995225517674	passive
2453265.63804	0.3947	12.68606	-0.115472182900739	passive
2452879.66871	0.39497	12.7996	-0.00227968285571123	passive
2454361.56923	0.39523	12.78954	-0.0126745168403666	passive
2455375.79808	0.39536	12.84975	0.0473679850784947	passive
2455375.80522	0.39789	12.81357	0.00791399477389376	passive
2455023.65241	0.4015	12.83075	0.0203511319764402	passive
2454589.78822	0.40151	12.87645	0.066037838281515	passive
2452927.582	0.40179	12.7612	-0.0495847898372137	passive
2454634.87804	0.40613	12.83407	0.0173932222266338	passive
2454716.5874	0.40885	12.90438	0.0838744179936661	passive
2452124.6768	0.41077	12.88048	0.0571945075898892	passive
2453141.72557	0.412	12.84339	0.0182860414417654	passive
2452865.64405	0.41692	12.82683	-0.00588430144262553	passive
2453282.60506	0.41714	12.86713	0.034061556857683	passive
2452738.87239	0.41935	12.86036	0.0236613634554157	passive
2454234.85952	0.41965	12.77949	-0.0577119752940831	passive
2454558.85264	0.42093	12.87342	0.0340407565597403	passive
2454699.71883	0.42135	12.87365	0.0335456075290548	passive
2452462.7837	0.42173	12.60694	-0.233825160666674	active
2452896.65346	0.42371	12.82399	-0.0202923471686667	passive
2455457.58854	0.42687	12.45377	-0.396395905908378	active
2452076.8302	0.42763	12.86012	0.00849120387246671	passive
2453299.54072	0.42845	12.80468	-0.0485458665503131	passive
2453110.7829	0.4289	12.7925	-0.061610127364542	passive
2454330.67416	0.42903	12.92325	0.068883426414363	passive
2452093.7526	0.43423	12.88082	0.0158890890398009	passive
2452369.8517	0.43554	12.85003	-0.0176359168759443	passive
2454575.80047	0.43656	12.89079	0.0209805660076707	passive
2454299.7056	0.43675	12.49712	-0.373089856249406	active
2453251.67095	0.43709	12.7955	-0.0754271925246677	passive
2455347.74412	0.43761	12.85755	-0.0144760868868126	passive
2452338.8679	0.43785	12.89777	0.0252360736102251	passive
2455426.63095	0.43848	12.46702	-0.406848702302257	active
2453448.89104	0.44031	12.82479	-0.0529654053739748	passive
2455378.74822	0.44251	12.81712	-0.0653115451915589	passive
2452854.45863	0.44666	12.48843	-0.402754348645605	active
2453203.8043	0.44683	12.8101	-0.0814392491324103	active
2452741.77475	0.44954	12.86541	-0.031727953751119	passive
2454347.64078	0.45133	12.88983	-0.0109315278685518	passive
2455285.80486	0.45229	12.8846	-0.0180752229858356	passive
2452141.7019	0.45382	12.94642	0.0407436078227228	passive
2452817.8542	0.45393	13.02847	0.122580318929096	passive
2454623.74364	0.45398	12.82895	-0.0770365155840977	passive
2454316.65948	0.45452	12.88323	-0.0237976675678375	passive
2452496.6879	0.45602	12.87459	-0.0352826542368163	passive
2454654.75295	0.46072	12.95221	0.0339433972901606	passive
2453127.77723	0.46104	12.82308	-0.0957255919954498	passive
2453158.77046	0.46208	12.97957	0.0590444535369148	passive
2453268.64748	0.4629	12.85981	-0.0620362002325763	passive
2455254.84611	0.46349	12.95136	0.0285836617800115	passive
2452465.7206	0.46419	12.70082	-0.223037389865329	active
2455040.73368	0.4645	12.96847	0.0441418439701025	passive
2453640.54018	0.46613	12.96372	0.0370002252810266	passive
2454702.67458	0.4705	12.92814	-0.00423716477259539	passive
2452031.877	0.4715	12.95036	0.0168565037573192	passive
2454268.81499	0.47213	12.51245	-0.42172865547343	active
2454333.61341	0.47232	13.02633	0.0919530523450369	passive
2455412.64019	0.47246	12.55741	-0.377111461754195	active
2453175.73638	0.48413	12.96628	0.0246428390797231	passive
2455429.57787	0.48448	12.57633	-0.365377006484662	active
2453237.72106	0.48557	12.88858	-0.0532950954660656	passive
2452789.77382	0.4868	13.02863	0.0866535230995922	passive
2454885.85233	0.4894	12.83152	-0.110372744912322	active
2454592.85575	0.49033	12.97376	0.031992241691345	passive
2454947.84112	0.4923	12.98855	0.0472059126158264	passive
2454626.67416	0.49416	12.95794	0.0171871013646232	passive
2453657.52401	0.49454	12.93657	-0.00404001326618086	passive
2453302.54553	0.49501	12.93421	-0.00621313493216036	passive
2452372.8414	0.49673	13.00525	0.06560448483852	passive
2452482.7215	0.49865	12.9828	0.0441905039592054	passive
2453254.66685	0.50048	12.8206	-0.11686476610809	passive
2452017.8735	0.50096	12.93566	-0.00148009104602487	passive
2453206.77662	0.50185	12.71849	-0.218022022220765	active
2453113.81248	0.50425	12.97163	0.0369743233673994	passive
2454302.71901	0.50636	12.89113	-0.0417081665568269	active
2452758.84294	0.50789	12.93345	0.00203136275929516	passive
2452079.8739	0.50799	13.02839	0.0970669911178383	passive
2453192.72526	0.51433	12.4458	-0.478813624647762	active
2454933.82179	0.51615	13.0247	0.102222324123229	passive
2454350.64769	0.51863	12.9304	0.010960210227303	passive
2453640.68973	0.51921	12.67859	-0.240119903117712	passive
2452499.6838	0.51942	12.87755	-0.0408939308616798	passive
2453674.49844	0.51961	12.98678	0.0685774754996586	passive
2454688.72818	0.52023	12.92397	0.00656017078263105	passive
2452468.7064	0.52399	12.89497	-0.0174857462748026	passive
2454564.77949	0.52467	12.90979	-0.00174603402798645	passive
2452389.8274	0.52591	12.93373	0.0238871437094126	passive
2454657.75593	0.52663	12.97123	0.0623793977160183	passive
2452358.8395	0.52676	12.98324	0.0745692525571862	passive
2452933.56888	0.52683	12.89592	-0.0126538149980266	passive
2452144.7276	0.52779	12.89163	-0.0156083526335227	passive
2453271.65	0.52864	12.78281	-0.123236615250697	passive
2454367.58426	0.53026	12.84647	-0.0572820701266537	passive
2453223.76207	0.53083	12.77638	-0.126557743432118	passive
2453643.5426	0.53184	12.96463	0.0631437662294925	passive
2452327.8833	0.53887	12.97782	0.086707211715753	passive
2454998.68855	0.54059	12.87049	-0.0180228909929188	passive
2453288.59205	0.54222	12.86621	-0.0198204914036104	passive
2454240.84648	0.54472	12.49943	-0.382762228303585	active
2455463.55554	0.54485	12.44372	-0.438271715687504	active
2453130.83107	0.545	12.9018	0.0200397503556147	passive
2453240.70718	0.5455	12.80798	-0.0730078985602844	passive
2452744.8648	0.54636	12.7156	-0.164056705961023	passive
2452854.74111	0.54693	12.54182	-0.336952596658948	active
2454888.83813	0.54921	12.72462	-0.15060341296665	active
2454257.77605	0.55386	12.45779	-0.41014838457223	active
2454550.78014	0.5556	12.89707	0.0318670504583185	passive
2452051.8443	0.55889	12.93765	0.0776222148554933	passive
2452761.804	0.55892	12.8209	-0.0390806119120448	passive
2452116.6441	0.55956	12.90002	0.0410455614313499	passive
2454353.58078	0.55973	12.842	-0.0167072424198444	passive
2453660.52614	0.56014	12.8421	-0.015962966712042	passive
2454674.75634	0.56092	12.90444	0.0476021008368122	passive
2454305.69152	0.56145	12.78142	-0.0745860332637438	active
2452516.709	0.56251	12.87052	0.016176083885556	passive
2452344.8538	0.56254	12.88027	0.0259730899601855	passive
2453257.6644	0.56446	12.76016	-0.0911333023115706	passive
2452020.8766	0.56691	12.81907	-0.0284074911694674	passive
2454629.69919	0.5679	12.88389	0.0379477692502554	passive
2455353.7504	0.56954	12.7866	-0.0568088885757589	passive
2452068.7885	0.57323	12.80236	-0.0354026546109427	passive
2453164.71976	0.57378	12.86095	0.0240216029261973	passive
2454612.82234	0.57746	12.84542	0.0140181623350646	passive
2454274.75245	0.57963	12.44188	-0.386305262463996	active
2454291.65949	0.58078	12.59658	-0.229911662688686	active
2453195.73559	0.58284	12.75104	-0.0724347277075861	active
2455274.90814	0.5845	12.78859	-0.0324673682993168	passive
2454370.55817	0.58585	12.75643	-0.0626691694159316	passive
2453677.50579	0.58707	12.8228	0.00546535740135212	passive
2454708.64613	0.5901	12.81818	0.00521143930523138	passive
2452330.8754	0.60091	12.90973	0.112294167997366	passive
2452874.61466	0.60104	12.81999	0.0227418284332526	passive
2454756.57168	0.60126	12.48576	-0.311170490016391	active
2452502.7379	0.60347	12.73392	-0.0598112081355371	passive
2455497.53121	0.60451	12.32535	-0.466869854572865	active
2452905.61608	0.60499	12.72459	-0.066930877061802	passive
2452006.9019	0.60659	12.83332	0.0441362400808618	passive
2453102.83404	0.60746	12.81421	0.0263021009125435	passive
2454339.6296	0.60776	12.73828	-0.0491870588657211	passive
2455260.89043	0.60892	12.70338	-0.0823779361368704	passive
2452054.8111	0.61195	12.89014	0.108884129025245	passive
2454646.74023	0.61661	12.76377	-0.010434953696242	passive
2452361.9108	0.61692	12.78492	0.0111903528115214	passive
2453426.85225	0.61765	12.77804	0.00543298423712812	passive
2453308.53638	0.62146	12.55731	-0.209355802195001	passive
2453212.75198	0.62281	12.71949	-0.0450349747862511	passive
2454891.86525	0.62368	12.58282	-0.180314687548682	active
2452922.57328	0.62394	12.72833	-0.0343875333766928	passive
2452519.7017	0.62476	12.862	0.100603240149898	passive
2452874.68303	0.62531	12.8371	0.0765935651246537	passive
2453212.76046	0.62582	12.74597	-0.0137077165410417	passive
2452488.7164	0.62654	12.79662	0.0381171390499642	passive
2454677.7628	0.62807	12.73625	-0.0197387834132066	passive
2452023.8714	0.62991	12.76061	0.0076721132233768	passive
2455356.7598	0.63773	12.68537	-0.0544043207978948	passive
2453088.83376	0.63806	12.66264	-0.0765761541842753	passive
2452085.8829	0.64088	12.73972	0.00526667052166196	passive
2452536.6531	0.64166	12.77188	0.0387400590913671	passive
2454277.74906	0.64328	12.48017	-0.250250943781381	active
2453294.51658	0.64513	12.7628	0.0354651185024473	passive
2455435.67112	0.64728	12.36639	-0.357391612597139	active
2454759.53429	0.65284	12.40254	-0.312284742630558	active
2452891.66647	0.65358	12.71209	-0.00157425826367508	passive
2453167.76666	0.65528	12.77046	0.0594282131119197	passive
2454584.87142	0.65629	12.72779	0.0182985718339932	passive
2454584.87142	0.65629	12.72779	0.0182985718339932	passive
2452333.8507	0.65699	12.74875	0.0403151481337822	passive
2452009.8693	0.65987	12.78135	0.0771597986496744	passive
2452877.59945	0.66049	12.68546	-0.0178394518334883	passive
2454539.8262	0.6675	12.78342	0.089533079686694	passive
2454956.7902	0.66878	12.71424	0.0219257815921878	passive
2455500.52973	0.66883	12.25671	-0.435543789497068	active
2452136.6845	0.6729	12.61451	-0.073092899150538	passive
2455294.88405	0.67494	12.73734	0.0518565942319213	passive
2455342.78126	0.67605	12.64363	-0.040763186868892	passive
2454987.81037	0.67938	12.64842	-0.032956897810827	passive
2452925.56437	0.68563	12.63381	-0.0428015094872229	passive
2452474.8057	0.68894	12.56369	-0.110785616781042	passive
2452105.7422	0.68993	12.67195	-0.00192954046816318	passive
2455390.72246	0.69277	12.61374	-0.0585225364637356	passive
2455438.61693	0.6929	12.40413	-0.2680614973528	active
2453091.81134	0.69495	12.62053	-0.0505710357624825	passive
2453153.79247	0.69514	12.65379	-0.0172125921301589	passive
2454359.60578	0.6983	12.7066	0.0371814186255293	passive
2452539.6311	0.6987	12.63453	-0.0346941180283533	passive
2452894.61656	0.70071	12.69786	0.0295981597611696	passive
2452350.8894	0.70488	12.65331	-0.012999167042878	passive
2452829.83813	0.70762	12.60391	-0.0611127842879693	passive
2454762.50701	0.708	12.36765	-0.297192358893856	active
2453232.71339	0.7081	12.65072	-0.0140747642394849	passive
2455328.78789	0.7091	12.56	-0.104315857046217	passive
2453122.84207	0.7093	12.71606	0.0518406358112209	passive
2453139.74951	0.7106	12.69187	0.0282846424571837	passive
2454666.7295	0.7118	12.71869	0.055702045039915	passive
2453280.62017	0.7126	12.57109	-0.0914920904439427	passive
2454556.86509	0.71545	12.71856	0.0574837736561893	passive
2452953.82385	0.71632	12.78217	0.12157518587756	passive
2454345.57271	0.71727	12.68608	0.0260241674829391	passive
2455038.6344	0.71936	12.71077	0.0519540187910277	passive
2454525.88582	0.71937	12.72919	0.0703801433167204	passive
2455021.73372	0.72047	12.63382	-0.0243041627286349	passive
2454911.86109	0.7212	12.61135	-0.0463054705733654	passive
2452508.709	0.72291	12.67401	0.017498127487535	passive
2453249.66798	0.72613	12.60221	-0.0519564749025339	passive
2454973.86907	0.73092	12.62281	-0.0274335292036412	passive
2454297.71782	0.73119	12.36989	-0.280120423020422	active
2453218.69663	0.73286	12.57936	-0.0691874075483909	passive
2452091.7819	0.73473	12.68556	0.0386858317779222	passive
2453125.74862	0.74098	12.60146	-0.0397173987035941	passive
2452739.78051	0.74169	12.61813	-0.0224044862603652	passive
2454897.8338	0.74222	12.5182	-0.121856754756426	active
2452384.8099	0.74495	12.69161	0.0539727045118781	passive
2454779.51592	0.74531	12.35941	-0.277914738581192	active
2454652.74258	0.74714	12.72727	0.0915041912644572	passive
2455376.79644	0.74973	12.61979	-0.0138729308544878	passive
2453266.64528	0.75222	12.59588	-0.0359044370714265	passive
2452353.8462	0.75439	12.6226	-0.00768603222098463	passive
2455283.83868	0.75439	12.66318	0.0328939677790157	passive
2455376.81012	0.75458	12.61579	-0.0143717026896102	passive
2454748.5623	0.75833	12.32777	-0.300193911544715	active
2452542.6266	0.76195	12.68198	0.0556086928026183	passive
2453463.88504	0.76243	12.63693	0.0107257452885854	passive
2453283.57856	0.76268	12.66511	0.0389883981445216	passive
2455489.52545	0.76286	12.35015	-0.275913961475712	active
2452753.92677	0.7629	12.61401	-0.012041366440922	passive
2454362.60565	0.76311	12.57739	-0.0485965262987627	passive
2454959.87788	0.76475	12.54293	-0.0826262396292563	passive
2452156.672	0.76745	12.55423	-0.0709292964413919	passive
2452463.7663	0.77051	12.48518	-0.140040962450513	active
2452897.63145	0.77084	12.59953	-0.0257323291184175	passive
2453156.82756	0.77245	12.65721	0.0316437680076547	passive
2453638.58858	0.77341	12.65891	0.0330795599811502	passive
2454765.521	0.77782	12.36107	-0.266809352855615	active
2453142.76087	0.77948	12.63657	0.0075760528368054	passive
2454235.87607	0.78047	12.52934	-0.100401221602365	passive
2454559.86558	0.78047	12.72625	0.0965087783976362	passive
2454993.73478	0.78225	12.61902	-0.0122115336950088	passive
2454300.6842	0.7841	12.43228	-0.2006883517384	active
2453655.52862	0.78627	12.66708	0.0318498095980662	passive
2454734.55651	0.78698	12.53174	-0.104279161735022	active
2454914.86702	0.78816	12.75783	0.120449717889842	passive
2454545.80717	0.79044	12.71226	0.072086011294866	passive
2455269.85443	0.79069	12.65408	0.0135874587204885	passive
2455348.73912	0.79079	12.68224	0.0416193966449043	passive
2452742.74283	0.79316	12.66	0.0162432384250284	passive
2454283.81331	0.79578	12.55599	-0.0914338788855069	active
2455410.74953	0.80137	12.39727	-0.258493611171295	active
2452756.85283	0.8015	12.6316	-0.0243635249481837	passive
2455475.55217	0.80305	12.39525	-0.263110717344226	active
2453159.73418	0.80415	12.64057	-0.0195040604443477	passive
2452046.9011	0.8043	12.62847	-0.0318382749320207	passive
2455010.70489	0.80579	12.76634	0.103700255361481	passive
2452063.8096	0.80597	12.65623	-0.006691795639858	passive
2452931.54321	0.80782	12.67818	0.0123594775129376	passive
2454931.82696	0.80808	12.69922	0.0329925916697658	passive
2454751.52469	0.80983	12.36983	-0.299127611512622	active
2453672.50084	0.81056	12.70448	0.0343897635219754	passive
2454686.73672	0.81336	12.73299	0.0586097179387455	passive
2454900.8519	0.81349	12.51237	-0.162206834605518	active
2452356.8306	0.8137	12.70657	0.031676236407419	passive
2452032.8419	0.81399	12.71479	0.0394597835178736	passive
2454252.87584	0.81454	12.50107	-0.17508392684932	active
2454365.57201	0.81602	12.63407	-0.044271467353818	passive
2452128.637	0.81644	12.70549	0.0265361967279922	passive
2452142.7242	0.81669	12.53149	-0.147826376080408	passive
2452466.7148	0.81708	12.69964	0.0197609626501123	passive
2454576.87473	0.81787	12.75102	0.0700127523794123	passive
2454962.84569	0.81817	12.64538	-0.0360514477083171	passive
2452497.7101	0.81885	12.62931	-0.0530738848097823	passive
2454286.70605	0.82256	12.34107	-0.346258867032608	active
2454655.7841	0.82673	12.76901	0.0767350538511131	passive
2452742.85089	0.83152	12.66422	-0.032902371984342	passive
2455334.77201	0.83317	12.66656	-0.0320554302631262	passive
2452742.86267	0.8357	12.73071	0.029953701000025	passive
2453097.85269	0.83933	12.70011	-0.00345444850108478	passive
2454768.51993	0.84229	12.59131	-0.114365771851851	active
2452869.66823	0.84531	12.76251	0.0547952656361801	passive
2453238.74136	0.84773	12.67712	-0.0321765937332099	passive
2452742.89991	0.84892	12.73563	0.0255642969314565	passive
2453303.54385	0.84936	12.66915	-0.0411994581100803	passive
2452373.8351	0.84945	12.738	0.0275925187295627	passive
2452049.8512	0.85144	12.71068	-0.00101191900234099	passive
2454737.56062	0.85329	12.56235	-0.150546598821826	active
2452483.7233	0.85424	12.70217	-0.0113528684057442	passive
2454579.79616	0.85483	12.76295	0.0490346825753374	passive
2454334.69204	0.85518	12.72977	0.0156204259754773	passive
2453658.54191	0.85584	12.79161	0.0770154433889658	passive
2455241.86804	0.85692	12.75191	0.0365770176164144	passive
2455075.65209	0.85878	12.68851	-0.0281302931211673	passive
2452018.8818	0.85885	12.71728	0.000589510617038158	passive
2454272.72256	0.85912	12.5725	-0.144384838905285	active
2454917.88746	0.86026	12.70729	-0.0104289889546045	passive
2452917.6059	0.86077	12.72208	0.00398027153228142	passive
2452390.7775	0.86315	12.79661	0.0766636306779844	passive
2454255.83017	0.86317	12.45563	-0.264332415147631	active
2455272.87715	0.8636	12.73209	0.0117803136274031	passive
2453114.82819	0.86478	12.82536	0.104073998618464	passive
2452097.7865	0.86606	12.74368	0.0212936355823388	passive
2452790.84763	0.86795	12.67998	-0.0441172460404626	passive
2452066.8169	0.87341	12.75559	0.0258732972891575	passive
2454548.85876	0.87361	12.78382	0.0538758942690638	passive
2453675.50332	0.87629	12.84369	0.110534277531592	passive
2455478.57614	0.87641	12.40067	-0.332636715509494	active
2454351.65642	0.87668	12.68301	-0.0506386377558368	passive
2454965.82947	0.87727	12.62195	-0.112456211419026	passive
2453272.63391	0.87788	12.72595	-0.00925419729087551	passive
2452080.9287	0.88239	12.84755	0.106016336051797	passive
2454754.5549	0.8854	12.57744	-0.168690097687181	active
2453644.54851	0.88889	12.82789	0.0761240686797091	passive
2452131.663	0.89052	12.86099	0.106497202686306	passive
2453289.57393	0.89074	12.71824	-0.0366248780267799	passive
2452328.8763	0.89133	12.8354	0.0795328389189827	passive
2453100.82017	0.89263	12.70324	-0.0548569776079546	passive
2452359.8704	0.89268	12.81763	0.0594467072835556	passive
2453162.81126	0.89636	12.68739	-0.0772401385465251	passive
2455258.88654	0.89764	12.75151	-0.0153975510275099	passive
2453193.81135	0.89983	12.71055	-0.0602815223651039	active
2452500.7561	0.90003	12.75547	-0.0157211360271763	passive
2454771.50324	0.90121	12.7194	-0.0539156012506545	active
2454920.82679	0.90357	12.78544	0.00786970845375379	passive
2453241.73274	0.90952	12.80236	0.0141537160081668	passive
2452517.6913	0.91117	12.85015	0.0590505493358364	passive
2453210.75832	0.91516	12.76557	-0.0323551422312427	passive
2453134.69254	0.91562	12.78069	-0.0180032283579532	passive
2453424.88045	0.91776	12.83954	0.0373344642147995	passive
2452841.69952	0.91782	12.70038	-0.101922471906629	passive
2453661.54324	0.92116	12.82183	0.0142806404097637	passive
2453258.67127	0.92185	12.97732	0.168726271067873	passive
2452117.6659	0.92225	12.84087	0.0316775581036044	passive
2452920.59675	0.92237	12.87942	0.0700489258746746	passive
2454644.78444	0.9224	12.85549	0.0460743392693921	passive
2452069.7817	0.92576	12.77679	-0.037427976724933	passive
2454740.58227	0.92582	12.62685	-0.187450123067697	active
2454258.82547	0.92636	12.54899	-0.266043619960241	active
2454275.73828	0.92955	12.60687	-0.212283553576421	active
2452486.7588	0.93169	12.85815	0.0364360053722486	passive
2454551.8534	0.93655	12.86843	0.0415031335143503	passive
2454292.66375	0.93724	12.74594	-0.0816596044857025	active
2453678.50122	0.94039	12.87905	0.0485905422837956	passive
2454371.55768	0.94063	12.83808	0.00741681894877466	passive
2454968.82657	0.94109	12.78494	-0.0461080594057144	passive
2452393.8263	0.94532	12.84271	0.00846589587875357	passive
2452748.80642	0.94543	12.75435	-0.0799689895785995	passive
2454709.65406	0.94786	12.83604	0.000172518584797388	passive
2452052.9415	0.94834	12.84401	0.00786052861063524	passive
2455433.70232	0.94846	12.63837	-0.197848740658349	active
2455340.73214	0.94871	12.79127	-0.0450914747743578	passive
2452810.80035	0.95017	12.77534	-0.0618125440697366	passive
2454630.77819	0.95089	12.85443	0.0169140060815529	passive
2454757.55794	0.95133	12.65102	-0.186709448920828	active
2454661.77394	0.95282	12.79429	-0.0441136343828656	passive
2452472.7431	0.95682	12.89284	0.052996222643154	passive
2455388.65608	0.9593	12.84065	0.000182181823685568	passive
2452331.8874	0.96012	12.92234	0.0817108475393074	passive
2454537.83469	0.96061	12.77901	-0.0617049174903421	passive
2452007.9052	0.96271	12.79126	-0.0497325604107015	passive
2453261.60879	0.96452	12.87267	0.0315547192614307	passive
2454261.75814	0.96731	12.80789	-0.0332041973932267	active
2453633.50598	0.96934	12.82233	-0.0185894438933882	passive
2452875.65776	0.97129	12.81289	-0.0277358455630488	passive
2454726.62413	0.97138	12.90479	0.0641806693966434	passive
2455064.70226	0.97214	12.83743	-0.00302946564520035	passive
2454340.65744	0.97259	12.8271	-0.0132619690045459	passive
2453103.8639	0.97301	12.94896	0.108694898937532	passive
2455309.81048	0.97308	12.83318	-0.00706840572626533	passive
2454923.84391	0.9745	12.84973	0.00985418500386004	passive
2453309.53268	0.97509	12.82167	-0.0180320311497493	passive
2452024.8466	0.97606	12.81248	-0.0269124549836199	passive
2453427.86337	0.97654	12.85998	0.0207513740378751	passive
2455436.60739	0.97961	12.8196	-0.0184268165155697	active
2454357.58969	0.98269	12.85955	0.0229644930733262	passive
2454278.70535	0.98271	12.88016	0.0435845257113829	active
2452520.7122	0.98344	12.87826	0.0420561291857435	passive
2453151.79184	0.98502	12.82341	-0.0119556692751264	passive
2452923.59411	0.98628	12.78186	-0.0528072444019241	passive
2452365.7762	0.98894	12.88985	0.0567299489750557	passive
2455326.75994	0.98928	12.75969	-0.0732262827399808	passive
2454940.79172	0.99012	12.88186	0.0494520105935266	passive
2453230.69165	0.99049	12.88658	0.0543979223789446	passive
2452103.7808	0.99374	12.9683	0.138141993000596	passive
2454571.74087	0.99561	12.92598	0.0970055146907089	passive
2453295.51053	0.99793	12.86173	0.0342245764302049	passive
2453278.60726	0.99812	12.7705	-0.0568856094551435	passive
