# jd	phase	mag	magdiff	activity
2453089.86602	0.00446333333333337	13.1928866666667	-0.00792443128376341	passive
2452892.65929	0.00597999999999999	13.20452	0.0038532289254789	passive
2454760.53126	0.00670999999999999	13.1669233333333	-0.0336607295804274	active
2452940.55876	0.00788	13.2044533333333	0.00401982720054406	passive
2455295.82239333	0.00800999999999996	13.22294	0.0225245928560156	passive
2452782.79296	0.00895000000000001	13.21178	0.0115036335263667	passive
2452396.8382	0.01439	13.20071	0.00152173878535677	passive
2454971.85125	0.014695	13.17593	-0.023182868368977	passive
2452878.59916333	0.01534	13.1898566666667	-0.00909170754723299	passive
2454926.77968	0.01655	13.1952	-0.00342123287345153	passive
2455453.61535333	0.0165833333333334	13.16815	-0.0304618775850081	active
2455343.74465667	0.0180066666666667	13.2098366666667	0.0116414618621974	passive
2454247.81713667	0.01895	13.17322	-0.0246804909959337	active
2452334.8705	0.01897	13.21992	0.0220259178114564	passive
2452813.81156	0.01899	13.20396	0.00607233328663703	passive
2455501.51643333	0.01906	13.1827033333333	-0.0151618267034888	active
2454540.82120667	0.0206766666666667	13.2047433333333	0.00742072988950504	passive
2454326.71107667	0.0223366666666667	13.1931866666667	-0.00353331796356926	passive
2453123.72851	0.0239433333333333	13.1976566666667	0.00156403060692334	passive
2452957.50912333	0.02441	13.1927966666667	-0.00310560000561999	passive
2452768.75059	0.02461	13.18982	-0.00599955442424438	passive
2453247.69239667	0.0248966666666667	13.20732	0.0116201781819107	passive
2452041.8972	0.02817	13.20959	0.0153545352010411	passive
2454681.71454333	0.0307333333333333	13.1974766666667	0.00450891920036511	passive
2454777.51251	0.0342	13.134545	-0.0565473502136449	active
2454295.76055	0.0364533333333333	13.16517	-0.0246085693164169	active
2454895.85118	0.03849	13.17105	-0.0174796956161973	active
2452737.80066	0.03894	13.19871	0.0104638867419435	passive
2454343.67141333	0.0424066666666667	13.1948833333333	0.00891124150705558	passive
2452351.8432	0.04343	13.20482	0.0195484838350168	passive
2453154.77372667	0.0434366666666667	13.1979066666667	0.012639757015025	passive
2455470.59686667	0.04417	13.0797133333333	-0.105043540829977	active
2453168.86710333	0.04588	13.1823633333333	-0.00117910399450594	passive
2455281.85059333	0.04872	13.19268	0.0112293862615758	passive
2455036.74791	0.04975	13.1740533333333	-0.00661646025309537	passive
2455408.63285333	0.0500566666666666	13.10066	-0.0797751083808365	active
2452106.7621	0.0519500000000001	13.1506	-0.02836430675824	passive
2454943.78462	0.05245	13.1724866666667	-0.00608307427304311	passive
2453281.58530667	0.05518	13.1782633333333	0.00189135410917274	passive
2454360.6131	0.05585	13.18004	0.00421824782986135	passive
2452382.8712	0.05681	13.15348	-0.0215461989179193	passive
2452785.74663	0.05735	13.20526	0.0306849370088766	passive
2452895.62834	0.05984	13.1726033333333	0.000141131201896627	passive
2453092.84225	0.06087	13.17608	0.00450685544049634	passive
2452943.52905667	0.0621900000000001	13.17473	0.00430849148264478	passive
2455250.90649	0.06512	13.1791633333333	0.011344586241437	passive
2453140.75714	0.0682533333333334	13.16867	0.00369969781212021	passive
2453202.73946667	0.0688633333333334	13.1546	-0.00980858061161705	active
2453250.63686667	0.0700366666666666	13.17281	0.0094880431871065	passive
2454763.52814	0.07045	13.08746	-0.0754773002040174	active
2454684.64601	0.0712633333333333	13.1584533333333	-0.00372431902865245	passive
2452075.8266	0.0714	13.14749	-0.0145596570566244	passive
2454298.67750667	0.0718299999999999	13.13359	-0.0280562981023298	active
2452771.70143	0.07201	13.16884	0.00736283571542806	passive
2452399.8226	0.0737100000000001	13.16637	0.00649822403850386	passive
2454588.86966667	0.0754666666666667	13.1514266666667	-0.00677189783818655	passive
2454329.67809333	0.0754766666666666	13.1599433333333	0.00175433319633633	passive
2455070.63352667	0.07744	13.1536266666667	-0.00267574053747666	passive
2452864.70257	0.08275	13.18956	0.0384536317593422	passive
2455425.63296333	0.08424	13.05443	-0.0951919062856881	active
2452140.6611	0.08439	13.15363	0.00415821447587561	passive
2452171.6535	0.08513	13.15526	0.00653065947235554	passive
2452864.70935	0.0851499999999999	13.11114	-0.0375692314735883	passive
2452929.50787	0.0853699999999999	13.1572533333333	0.00876545182908117	passive
2453126.71962	0.08564	13.1502766666667	0.00206082016821973	passive
2453109.81950667	0.08695	13.15147	0.00458002347444797	passive
2452853.45503	0.09043	12.97325	-0.17006773295334	active
2455267.88171	0.0904700000000001	13.1290733333333	-0.0142029018392069	passive
2455377.76672667	0.09413	13.16838	0.0289449576604461	passive
2454574.83609333	0.0942533333333333	13.12732	-0.0119840442012791	passive
2455298.89004	0.0968666666666667	13.1470766666667	0.010573234746202	passive
2454315.65240667	0.09706	13.11541	-0.0208843231964995	passive
2454267.7667	0.10004	12.99975	-0.133286530798781	active
2452157.6099	0.10036	13.13214	-0.000542754819669256	passive
2453670.50553333	0.102323333333333	13.1231333333333	-0.0073616056537702	passive
2455315.80997667	0.102596666666667	13.13847	0.00828203262741667	passive
2453171.86095	0.108543333333333	13.1170933333333	-0.00626533523511696	passive
2455377.8169	0.11194	13.10903	-0.0102919831747226	passive
2452354.8543	0.11222	13.12203	0.00304539391504477	passive
2454543.89758	0.112636666666667	13.10784	-0.0106412294726947	passive
2452898.60885	0.11777	13.11513	0.00298417876872392	passive
2452323.8863	0.12013	13.11564	0.00649285149729373	passive
2455380.66119	0.12152	13.1048533333333	-0.00250130577325791	passive
2452740.85655	0.12363	13.11811	0.0135146051599602	passive
2455459.56912	0.12987	12.9129033333333	-0.183263810550356	active
2455301.80397667	0.131166666666667	13.09642	0.00204868820322446	passive
2454284.76671667	0.134193333333333	12.9548866666667	-0.135245115054007	active
2452371.8244	0.13575	13.09533	0.00740109405099254	passive
2453112.78405667	0.139213333333333	13.09701	0.0140247336668509	passive
2453656.52324	0.139313333333333	13.0746433333333	-0.00819847451552214	passive
2452774.71444	0.14148	13.07454	-0.0051860870768099	passive
2452867.68578333	0.14164	13.0856166666667	0.00612115095674959	passive
2453174.779	0.144303333333333	13.0639533333333	-0.0116975093166403	passive
2452174.6396	0.14505	13.08496	0.0103884738614184	passive
2453191.68496	0.145073333333333	12.9391333333333	-0.13540445915681	active
2452819.81401	0.14956	13.07963	0.0115752064675902	passive
2454946.88175	0.15178	13.0607966666667	-0.00406152745872035	passive
2454301.72111	0.15215	13.0117266666667	-0.0526000634622239	active
2454563.73016	0.152206666666667	13.05943	-0.00481537310392888	passive
2455042.67534667	0.153693333333333	13.0589	-0.00321496528881227	passive
2454639.80366333	0.154476666666667	13.05779	-0.0032059101388402	passive
2452078.8948	0.16046	13.03639	-0.0161659341017604	passive
2454546.85158333	0.16116	13.0510466666667	-0.000537307047304481	passive
2454349.64065667	0.161183333333333	13.0509833333333	-0.000568307151603165	passive
2453081.85605	0.161323333333333	13.0485533333333	-0.00280439814858546	passive
2454577.84615	0.16267	13.05514	0.00563931643694815	passive
2452743.79591	0.16695	13.06031	0.0166011876308261	passive
2453673.51000333	0.168763333333333	13.0411766666667	-0.000135908061986711	passive
2452143.7176	0.16929	13.02903	-0.0115937385545077	passive
2455287.82684333	0.16999	13.0535566666667	0.0138432778612962	passive
2452160.6289	0.17196	13.03413	-0.00305465365146063	passive
2452388.8343	0.17341	13.04553	0.0101734955555521	passive
2455445.61625333	0.177306666666667	12.8861166666667	-0.144478217488578	active
2452033.8716	0.17948	13.02462	-0.00341879960405045	passive
2452791.73043	0.1813	13.03732	0.0113660157373214	passive
2454901.88824	0.18134	12.9723533333333	-0.0535554048071258	active
2454594.81349	0.185226666666667	13.0081533333333	-0.0134778165927063	passive
2452112.7726	0.18537	13.02366	0.00218207342527243	passive
2453129.81811	0.18545	13.0192066666667	-0.0021858808124211	passive
2452853.72402	0.18591	12.85059	-0.170313578906399	active
2453098.83144	0.18674	13.01744	-0.00258978129001974	passive
2455335.76892	0.18702	13.0194966666667	-0.000240804712444032	passive
2452949.52291333	0.18971	13.0123733333333	-0.00461961909502229	passive
2452870.65697333	0.19626	13.0082333333333	-0.00256687094407226	passive
2452901.64755	0.19636	13.0076133333333	-0.00309778590478693	passive
2454225.7827	0.19783	13.0005933333333	-0.00882741891141947	passive
2455414.68504333	0.19828	12.88678	-0.122252944997301	active
2454949.83103667	0.198626666666667	13.0016133333333	-0.00712316664153434	passive
2455304.82435667	0.203253333333333	13.0217133333333	0.0167392177012218	passive
2452019.8533	0.20369	13.02	0.0153621892515474	passive
2454887.86869	0.205103333333333	12.93678	-0.0667917428514997	active
2454642.76375	0.20516	12.9991966666667	-0.00433304946108493	passive
2452918.57946	0.20634	12.9979266666667	-0.00474050543245319	passive
2453194.67897	0.207793333333333	13.0045	0.00286199620996896	active
2453659.53734	0.209166666666667	12.9916166666667	-0.00908266184237405	passive
2455242.86184667	0.209673333333333	13.00814	0.00777863579979865	passive
2453115.80034667	0.209846666666667	13.00491	0.00466321980543327	passive
2454952.68062	0.210083333333333	12.9970266666667	-0.00306451574726907	passive
2453146.79156	0.21017	12.9950033333333	-0.00503111625332409	passive
2454256.8127	0.21192	12.853315	-0.145602255148717	active
2454304.70771	0.212246666666667	12.9583	-0.0404147185262289	active
2452343.8692	0.21306	13.00443	0.00621131382865059	passive
2452405.8516	0.2137	12.97922	-0.0186166546563555	passive
2454352.61643	0.217435	13.000215	0.0044611882490333	passive
2452760.84218	0.21752	13.00233	0.00662065664966605	passive
2452115.6833	0.21852	12.98673	-0.0084660487312167	passive
2455028.77522	0.219846666666667	12.9939833333333	-0.000559895780572361	passive
2452081.8801	0.22009	12.99288	-0.00154698716740143	passive
2455352.77600333	0.22368	12.98942	-0.00341884261406911	passive
2452194.5823	0.22371	12.99064	-0.0021865772091374	passive
2453163.73375333	0.223793333333333	13.00091	0.00811740544108019	passive
2452132.6064	0.22538	12.98224	-0.00993028567081566	passive
2454611.83263	0.226166666666667	12.98005	-0.0118291828694019	passive
2454597.74913	0.22723	12.98076	-0.0107440042864724	passive
2454369.55066	0.22824	12.9887	-0.00246704584352386	passive
2454628.74569	0.22945	12.9859966666667	-0.00479146439777089	passive
2454755.5245	0.229563333333333	12.82464	-0.166114018506532	active
2453273.62598333	0.23002	13.00663	0.0160110495874815	passive
2452935.55156667	0.23058	12.99125	0.000791471836857127	passive
2453676.5093	0.233363333333333	12.98998	0.00023415751709166	passive
2452360.8312	0.23372	12.99588	0.0062153526092672	passive
2452391.8224	0.23404	12.97762	-0.0119737480030988	passive
2452904.57781	0.23645	12.9870466666667	-0.0020720484591461	passive
2454904.86984	0.239656666666667	12.9637766666667	-0.0248698378085042	passive
2453132.79588333	0.242406666666667	12.9793066666667	-0.00907838653550819	passive
2454242.81595667	0.24378	12.86778	-0.120523528689324	active
2452763.73656	0.24488	12.98576	-0.00250159820925155	passive
2455079.56109	0.246276666666667	12.9859233333333	-0.00231479179913308	passive
2452005.8925	0.24831	12.98846	0.000196945802199977	passive
2454659.79012	0.24867	12.9888	0.000525275387783353	passive
2452329.8851	0.24941	12.99103	0.00272446525870684	passive
2455321.85829	0.249443333333333	13.0043	0.015992861808872	passive
2453180.71076667	0.249783333333333	12.7879366666667	-0.200387886453999	active
2454290.72735	0.24992	12.8990333333333	-0.0892987633295839	active
2452952.52071	0.25377	12.9830666666667	-0.00560506445664721	passive
2453211.71652	0.25527	12.98512	-0.00374992198337054	passive
2455031.69956	0.257836666666667	12.98548	-0.00381358687085509	passive
2454273.84596667	0.25788	12.8152033333333	-0.17409831598853	active
2453211.72402	0.25793	12.9793333333333	-0.00997765618095059	passive
2454338.64763667	0.259216666666667	12.9687833333333	-0.0207817481770221	passive
2453101.86462	0.26336	12.9752133333333	-0.0153480014485918	passive
2452873.67117	0.26615	12.98836	-0.00302307242023936	passive
2455017.64157	0.26796	12.9854033333333	-0.00657678737012546	passive
2455245.84768333	0.269496666666667	12.98862	-0.00390607496590434	passive
2454307.68918667	0.27052	12.94343	-0.049479394589639	active
2453135.69464	0.27132	12.9969133333333	0.00369334830504009	passive
2452180.6303	0.27145	12.96516	-0.0281113584070525	passive
2454724.65247667	0.271543333333333	12.9863966666667	-0.00691173048892502	passive
2452921.59164333	0.27551	12.9832366666667	-0.0117649467615468	passive
2452039.7781	0.27599	12.98351	-0.0117122046699549	passive
2454983.866245	0.279415	13.00937	0.0124722797443226	passive
2454645.79044	0.279483333333333	12.9887866666667	-0.00814633978535184	passive
2455434.63951333	0.281113333333333	12.8238933333333	-0.173903602172823	active
2454355.61551	0.28196	13.0017133333333	0.00345055769711777	passive
2455307.86357333	0.282023333333333	13.01804	0.0197419012307503	passive
2452118.6845	0.2838	12.99054	-0.00877647555481786	passive
2452394.781	0.28419	12.99557	-0.00397721309645505	passive
2452890.63500667	0.28746	12.9845966666667	-0.0169901863638255	passive
2453149.82885	0.288253333333333	12.9917566666667	-0.0103539947132223	passive
2453087.85261333	0.289803333333333	12.9939066666667	-0.00926102956606201	passive
2454372.54279667	0.290296666666667	13.0074366666667	0.00392306710976875	passive
2455355.78499	0.291716666666667	13.0126833333333	0.00814811328331011	passive
2452332.8268	0.29356	12.98371	-0.0222100186477601	passive
2455048.70532	0.29403	13.01989	0.0136061058256818	passive
2455276.90710333	0.29403	13.01535	0.00906610582568135	passive
2454938.8312	0.294235	13.011125	0.00468100419319839	passive
2454907.84315333	0.295033333333333	12.9998433333333	-0.00723225054391108	passive
2453679.50797333	0.29774	13.00493	-0.00438458462578595	passive
2455324.81399	0.29857	13.0301833333333	0.020151324714762	passive
2455386.79629333	0.299173333333333	13.0134133333333	0.00285056741084055	passive
2454758.54931333	0.303223333333333	12.7942566666667	-0.220075624057731	active
2455293.83765333	0.303523333333333	13.03971	0.0250838599503425	passive
2454600.78332	0.30422	13.0268333333333	0.0115168592482906	passive
2453217.49039667	0.304706666666667	13.0251466666667	0.0093413142395935	passive
2455341.74204	0.30718	13.0356366666667	0.0172610957341277	passive
2455375.5511	0.307693333333333	13.02794	0.00901279512360098	passive
2452876.60766	0.30845	13.0055733333333	-0.0141785706041322	passive
2455372.73926333	0.309633333333333	13.0615333333333	0.0404637753557093	passive
2453104.82141667	0.312876666666667	13.0107666666667	-0.0140926188913362	passive
2452924.51728	0.31396	13.0199	-0.00628456155484258	passive
2453245.6902	0.31422	13.0317166666667	0.00520953268740243	passive
2454276.82575	0.31555	12.8923466666667	-0.135838105541737	active
2452008.9088	0.31894	13.02147	-0.0112032040842518	passive
2454341.63479	0.319503333333333	13.0467933333333	0.0133441413660762	passive
2452907.63155	0.32038	13.02966	-0.00501416350503625	passive
2453152.74234667	0.322403333333333	13.03337	-0.00421309133491476	passive
2452135.6976	0.3226	13.02762	-0.0102519824333864	passive
2454775.50840667	0.322846666666667	12.9005766666667	-0.137659205966003	active
2454538.85668667	0.32337	13.0420233333333	0.00300968482011044	passive
2454293.75669333	0.325186666666667	12.87801	-0.163764637797424	active
2453197.82756	0.325386666666667	13.0280266666667	-0.0140577663055641	active
2455375.60426333	0.326563333333333	13.0574933333333	0.013563269965859	passive
2454231.78645333	0.32886	13.03814	-0.0095010642096689	passive
2455468.58556333	0.33026	12.7922166666667	-0.257753014971103	active
2453262.64485	0.332266666666667	13.0593833333333	0.00599435679757221	passive
2454648.7616	0.3341	13.0531166666667	-0.00347444012505527	passive
2452876.69254	0.33858	13.0550066666667	-0.00968606563323604	passive
2455375.64309	0.34035	13.08585	0.0178623379019616	passive
2452349.8732	0.34418	13.05589	-0.0193754269925908	passive
2454279.73019	0.34648	12.9034633333333	-0.176252201698889	active
2452397.7739	0.34652	13.0751	-0.00469336532333031	passive
2452845.73333	0.34962	13.08495	-0.000912265644368304	passive
2452893.63026333	0.350623333333333	13.0795866666667	-0.00825279854885785	passive
2453090.84569	0.3522	13.0810966666667	-0.00985896838172629	passive
2455375.68239	0.354296666666667	13.1025333333333	0.00742219327186255	passive
2453231.71721	0.35451	13.0861666666667	-0.00936772879770054	passive
2453138.75138333	0.35631	13.0938466666667	-0.00525980118053759	passive
2452104.8052	0.35735	13.06958	-0.0315895972906546	passive
2453279.62083667	0.35789	13.0967666666667	-0.00547350099633448	passive
2454761.52985667	0.361166666666667	12.8764033333333	-0.23231349011267	active
2453651.52166	0.364003333333333	13.1022966666667	-0.0119818126641906	passive
2452011.8617	0.36707	13.11184	-0.00837741594213881	passive
2455296.83457	0.36728	13.1381	0.0174793635837798	passive
2455020.74667667	0.370113333333333	13.1166066666667	-0.00940243071366886	passive
2452335.8704	0.37389	13.13851	0.00549543348311232	passive
2452910.60164667	0.37461	13.1228366666667	-0.0114867263532936	passive
2454327.70504333	0.375143333333333	13.1378733333333	0.00258649006852174	passive
2453248.6793	0.3752	13.1296433333333	-0.00574556813698734	passive
2454989.77583	0.37702	13.1419566666667	0.00332070444850707	passive
2455068.66298	0.377996666666667	13.14637	0.00601538578946048	passive
2455375.75076	0.378563333333333	13.1602333333333	0.0188888660174449	passive
2455265.8764	0.378683333333333	13.1443633333333	0.00280992505679301	passive
2455392.65830667	0.379893333333333	12.9792533333333	-0.164394034419932	active
2455375.75789333	0.381096666666667	13.1637566666667	0.0180493126324865	passive
2452073.8839	0.38184	13.09872	-0.0482491671183691	passive
2452752.85726	0.38328	13.14244	-0.00695144925667535	passive
2454730.6023	0.383433333333333	13.1095133333333	-0.0401343847073452	passive
2455375.76501	0.38362	13.17237	0.0224107217694716	passive
2455423.66023667	0.38402	12.9114933333333	-0.239132042152988	active
2454651.72234667	0.38501	13.1556	0.00333478779828589	passive
2455375.77211667	0.386146666666667	13.1704466666667	0.0163134143973362	passive
2454296.74594	0.38622	12.9735533333333	-0.180699917275593	active
2453169.83003333	0.387673333333333	13.1491733333333	-0.00744567567006094	passive
2455375.77924	0.38867	13.18353	0.0253015900774383	passive
2453107.8551	0.38968	13.148	-0.0118492981374096	passive
2453265.64145667	0.39591	13.1713666666667	0.00170366570416647	passive
2452879.67162333	0.39601	13.1563233333333	-0.0134950909317908	passive
2454361.57235667	0.39634	13.17131	0.000979050232613687	passive
2455375.80135667	0.396523333333333	13.2068266666667	0.0362112207581458	passive
2455375.80849667	0.39906	13.1913833333333	0.0168468965133606	passive
2454589.79123667	0.402583333333333	13.17801	-0.0019389004901722	passive
2455023.65563	0.40265	13.1898266666667	0.00977557731923895	passive
2452927.58476	0.40277	13.13856	-0.041675017162266	passive
2454634.88129667	0.407286666666667	13.1996166666667	0.012459793449743	passive
2454716.59072	0.410026666666667	13.1999133333333	0.00854288235255041	passive
2452124.676	0.41048	13.17547	-0.0165998163519738	passive
2453141.72891	0.413183333333333	13.1993066666667	0.00304794333114167	passive
2452865.64635	0.41774	13.1955866666667	-0.00783102958289916	passive
2452400.7928	0.41808	13.20864	0.00468185461908455	passive
2453282.60847	0.41835	13.184125	-0.0202630358686928	passive
2452738.87622	0.42071	13.20981	0.00163569678202791	passive
2454234.86264	0.420753333333333	13.18818	-0.0200643360105452	passive
2454558.85562	0.421986666666667	13.21518	0.00493409611039297	passive
2454699.72190333	0.422443333333333	13.2250366666667	0.014045419643697	passive
2452896.65651	0.42479	13.2014566666667	-0.0134034453795184	passive
2452076.8303	0.42766	13.21369	-0.00599396938942931	passive
2455457.59181	0.42803	12.96064	-0.259672601377131	active
2453110.78549	0.42982	13.23183	0.0084575578262811	passive
2454330.67728	0.43014	13.2353466666667	0.0114242307014614	passive
2452093.7527	0.43426	13.22438	-0.00668613782871041	passive
2452369.8518	0.43558	13.25369	0.0203171942315379	passive
2454575.80369333	0.437703333333333	13.2441966666667	0.0071040269847682	passive
2454299.70871333	0.437853333333333	13.1106133333333	-0.126742328896599	active
2452338.868	0.43788	13.23449	-0.00291242336995445	passive
2453251.67354	0.438	13.23536	-0.00225285354956029	passive
2455347.74737	0.438766666666667	13.2845366666667	0.0455793026853151	passive
2455426.63422	0.43964	13.0355666666667	-0.204922066528438	active
2452834.72718	0.44299	13.24222	-0.00412953816060302	passive
2455378.75107	0.44352	13.2966766666667	0.0494034042967648	passive
2452772.75484	0.44592	13.2575	0.0060629170037565	passive
2453203.80765	0.448016666666667	13.23738	-0.0176614545562224	active
2452854.46249	0.44803	13.09278	-0.162284256441502	active
2452741.7786	0.45091	13.27193	0.0119825731590044	passive
2454347.64392667	0.452446666666667	13.2838366666667	0.0213228152813478	passive
2452158.6035	0.45304	13.24328	-0.0202165017802578	passive
2455285.80812333	0.453446666666667	13.3051066666667	0.040939496072955	passive
2452141.702	0.45386	13.26336	-0.00148639584250532	passive
2454623.74670333	0.455066666666667	13.2851333333333	0.018318735708247	passive
2452817.85804	0.45529	13.2747	0.0075236176597695	passive
2454316.66262333	0.45564	13.3042366666667	0.0364949337325733	passive
2455057.62042	0.458443333333333	13.3182666666667	0.0460731399017131	passive
2453671.51219	0.45964	13.24432	-0.0297291677746276	passive
2454654.75600333	0.461806666666667	13.2964466666667	0.0191129790888969	passive
2453127.78037667	0.462153333333333	13.27002	-0.00782969171935832	passive
2452882.67595	0.46239	13.2640533333333	-0.0141470612299806	passive
2453158.77359333	0.463193333333333	13.2887966666667	0.00941554050844218	passive
2453268.65081333	0.464086666666667	13.2883366666667	0.00766056346564525	passive
2455254.84934	0.464633333333333	13.3207466666667	0.0392877653796955	passive
2455040.73686333	0.465626666666667	13.3397866666667	0.0569247148591128	passive
2452355.8541	0.4671	13.28126	-0.00363525672379161	passive
2452403.7485	0.4672	13.30261	0.0175788672841133	passive
2452031.8771	0.47153	13.3169	0.0262634338038339	passive
2454702.67787	0.471663333333333	13.3295866666667	0.0387865533800849	passive
2452386.8586	0.47214	13.25783	-0.0335501367051609	passive
2454268.81812	0.473243333333333	13.1119533333333	-0.18074097252204	active
2454333.61635	0.47336	13.3263133333333	0.033482424743994	passive
2455412.64324	0.473543333333333	13.1411133333333	-0.151931313234362	active
2452431.9504	0.47746	13.26123	-0.0361020992253529	passive
2452947.525525	0.480735	13.291505	-0.00899151993116298	passive
2453175.73952	0.48524	13.2944333333333	-0.0097713156223147	passive
2455429.58072333	0.4855	13.15113	-0.153265420923523	active
2453237.72418667	0.486683333333333	13.3005633333333	-0.00466785344004528	passive
2452789.77766	0.48817	13.30606	-0.000145157338792501	passive
2452868.66323	0.48858	13.2911733333333	-0.015285427227246	passive
2454285.76977667	0.49023	13.1734666666667	-0.133946573956898	active
2454885.85556	0.49054	13.31221	0.00462931661768273	active
2454592.85898333	0.491473333333333	13.3312666666667	0.0232047018234187	passive
2454947.84435	0.493453333333333	13.4057733333333	0.0968047688197586	passive
2454626.67741	0.49532	13.32824	0.0185606780544312	passive
2453657.52739	0.495736666666667	13.3020233333333	-0.00779538498409771	passive
2452372.8415	0.49677	13.32431	0.0141761258761051	passive
2452017.8736	0.50099	13.3409	0.0299366670684904	passive
2452916.59419	0.501665	13.29729	-0.0137369231309297	passive
2453254.67019333	0.501666666666667	13.29672	-0.0143070563167171	passive
2453206.779595	0.50291	13.297965	-0.013128575376383	active
2453113.81562333	0.50537	13.3050266666667	-0.00600374615962629	passive
2454302.72213333	0.507466666666667	13.2770266666667	-0.0337431684252696	active
2452758.84677	0.50925	13.3053	-0.0050964970018601	passive
2453082.84388	0.51195	13.2962633333333	-0.0132989552013356	passive
2454933.82479333	0.517213333333333	13.3724066666667	0.065420198737284	passive
2454350.65084	0.51975	13.32909	0.0238025572100984	passive
2453674.50187	0.520823333333333	13.29112	-0.0133573821323498	passive
2452775.78393	0.52109	13.30346	-0.000807656107147281	passive
2454688.73124333	0.521313333333333	13.3067166666667	0.00262725732547686	passive
2454564.78198	0.52555	13.32424	0.0239850703710225	passive
2452389.8274	0.52591	13.31365	0.0137608022054287	passive
2452358.8396	0.5268	13.3062	0.0072413031356291	passive
2452837.78066	0.52682	13.30131	0.0023726395572865	passive
2454657.75899	0.527716666666667	13.2945266666667	-0.0034351459633708	passive
2452144.7276	0.52779	13.31918	0.0212995996127354	passive
2452933.57165	0.52781	13.2810566666667	-0.0168014880260507	passive
2453271.6541	0.5301	13.2835	-0.0116934291185036	passive
2454367.58742667	0.531386666666667	13.3050733333333	0.0114762172049545	passive
2452327.8834	0.5389	13.29112	0.0081264405432524	passive
2454998.69178667	0.541736666666667	13.2836366666667	0.00514976322164351	passive
2454240.84959333	0.54582	12.99264	-0.278954113002836	active
2455463.55879667	0.546006666666667	13.0006433333333	-0.270625336186558	active
2453130.83441667	0.546186666666667	13.2599533333333	-0.0110007158938981	passive
2453240.71031	0.54661	13.2644033333333	-0.00580771949311654	passive
2452744.86865	0.54772	13.27451	0.00626692020213149	passive
2452854.74495	0.54829	13.10263	-0.164591747489268	active
2454888.84136333	0.550353333333333	13.18424	-0.0792275707771797	active
2454257.77918	0.554973333333333	12.9897366666667	-0.265043900877435	active
2452871.66908	0.55551	13.24223	-0.0115201442384372	passive
2454550.78311667	0.556653333333333	13.2462333333333	-0.00530909770679777	passive
2452051.8444	0.55892	13.25765	0.01052863359409	passive
2452761.80784	0.56028	13.24144	-0.00300503370285554	passive
2454353.58391667	0.560846666666667	13.2478033333333	0.00447779807576865	passive
2453660.52958333	0.561363333333333	13.22023	-0.0220728452809151	passive
2454674.7594	0.562013333333333	13.2086066666667	-0.0324071525917038	passive
2454305.69464	0.56256	13.17763	-0.0622978477563958	active
2452344.8539	0.56258	13.25447	0.0145819125977393	passive
2453257.66784	0.56568	13.2336333333333	-7.34167954377085e-05	passive
2452020.8767	0.56694	13.25197	0.0207815111876766	passive
2454629.70224	0.568983333333333	13.2182533333333	-0.00885247898389885	passive
2455353.75366667	0.5707	13.22767	0.00398678622888937	passive
2453164.72290333	0.574893333333333	13.2139266666667	-0.00146254636895016	passive
2454612.82559	0.57862	13.2005433333333	-0.0075965721969169	passive
2454274.75559333	0.58075	12.97398	-0.230067135218489	active
2454291.66261	0.58189	13.0145466666667	-0.187323300828542	active
2452874.56524	0.5835	13.17848	-0.0203295378696655	passive
2453195.73873667	0.583956666666667	13.1775866666667	-0.0203576477789493	active
2455274.91097	0.5855	13.1984066666667	0.00337787920254584	passive
2454370.56113	0.586903333333333	13.1964833333333	0.00409511368308557	passive
2453677.50924667	0.58829	13.1874	-0.00238766591951745	passive
2454708.64942	0.591263333333333	13.1690733333333	-0.0151619940309349	passive
2452874.61697	0.60186	13.17212	0.00755629779575351	passive
2454756.57498	0.60243	12.9191233333333	-0.244381172281432	active
2455497.53447667	0.605666666666667	12.9127766666667	-0.24469907779114	active
2454243.83749	0.60637	12.87021	-0.28595161605419	active
2452006.902	0.60663	13.13849	-0.0171853843491778	passive
2452905.62198	0.60708	13.1613	0.00646676311474614	passive
2453102.8368	0.60844	13.1425566666667	-0.0097264967507229	passive
2454339.63284	0.60891	13.1466066666667	-0.0047933683308603	passive
2455260.89326	0.60992	13.1508433333333	0.00134459786725571	passive
2452054.8111	0.61195	13.13456	-0.0111013163936633	passive
2454243.85575667	0.612858333333333	12.8536533333333	-0.290283267485616	active
2452361.9109	0.61696	13.14341	0.00733033755631496	passive
2454646.74328	0.617693333333333	13.1110333333333	-0.0236283167965201	passive
2452347.8411	0.62288	13.14715	0.0226537442487835	passive
2455404.61369	0.623453333333333	12.8917866666667	-0.231569784124948	active
2453212.75513667	0.623923333333333	13.1226766666667	0.000257195540187993	passive
2454891.86847333	0.624826666666667	13.03057	-0.0900418535710461	active
2452922.57677333	0.62518	13.1248966666667	0.00499432124376575	passive
2452874.68541	0.62615	13.1232033333333	0.00525578766444745	passive
2453212.76287	0.62667	13.12346	0.00656438839102869	passive
2454677.76586333	0.629153333333333	13.09569	-0.0161481445080938	passive
2452023.8715	0.62995	13.11815	0.00794458860078429	passive
2455356.76286	0.638813333333333	13.09364	0.00177128428663664	passive
2453088.8373	0.63932	13.10489	0.0140713570306801	passive
2454260.83505667	0.63966	12.8717266666667	-0.218387652141621	active
2452085.883	0.64092	13.06034	-0.0271671601540948	passive
2454277.75220667	0.6444	12.91021	-0.170134135469567	active
2454373.54488	0.64598	13.0799566666667	0.00283842654816624	passive
2455435.67439	0.64844	12.8893633333333	-0.182776831167651	active
2454759.53760667	0.654016666666667	12.8272333333333	-0.233890945222107	active
2452891.66952333	0.65466	13.0612166666667	0.00133366538048918	passive
2454246.79374333	0.655696666666667	12.8920833333333	-0.165814332583153	active
2454584.87467	0.657446666666667	13.0614933333333	0.00690286317835564	passive
2452167.637	0.65948	13.04078	-0.0100435124428824	passive
2452364.8529	0.66122	13.0423	-0.00537033262268771	passive
2452877.60236333	0.661526666666667	13.0597966666667	0.0126749359194278	passive
2453246.68562	0.66754	13.04285	0.00600528821458113	passive
2454539.82946	0.66866	13.04218	0.00713900786000643	passive
2454956.79322	0.669853333333333	13.03523	0.0020690357951807	passive
2455500.53301667	0.67	12.8606466666667	-0.172286284622103	active
2455294.88731333	0.6761	13.01889	-0.00519603660258561	passive
2455342.78453	0.67721	13.0327366666667	0.0101196738551668	passive
2454987.8134	0.680456666666667	13.0144766666667	-0.00408950707663536	passive
2452184.6077	0.68323	12.97795	-0.0374361408969168	passive
2452925.56769667	0.68681	13.0219033333333	0.0102591041175142	passive
2454342.67333667	0.688136666666667	13.0110566666667	0.000699465799327115	passive
2452105.7422	0.68993	13.02405	0.0153501116951258	passive
2455390.72530333	0.693773333333333	12.9840666666667	-0.021387691770693	passive
2455438.62018667	0.694053333333333	12.8632066666667	-0.142026983406703	active
2453091.81487	0.69621	12.99447	-0.00913249076617539	passive
2453153.79560333	0.696253333333333	13.0075533333333	0.00398238874425338	passive
2454359.60893667	0.699423333333333	13.01312	0.0117302157486581	passive
2452894.61957667	0.70178	12.9937966666667	-0.00612720913127696	passive
2453108.73764667	0.70294	13.00886	0.00961126334170181	passive
2451995.9069	0.70392	13.00146	0.00275858548009822	passive
2452350.8895	0.70491	13.01681	0.0186405751910179	passive
2452829.84198	0.70899	13.00657	0.0103818589906659	passive
2454762.51033	0.709183333333333	12.8480333333333	-0.148068985204041	active
2453232.71673667	0.70929	13.00195	0.00589473151588216	passive
2455328.79116	0.710263333333333	13.00377	0.00813431360801076	passive
2453122.84521	0.71042	13.00079	0.00522022585299098	passive
2453139.75264333	0.711703333333333	12.9949	-0.000146417855432901	passive
2452026.9219	0.71269	12.99546	0.000796345230032358	passive
2454666.73254	0.712876666666667	12.9991166666667	0.00452355492578782	passive
2453280.62361333	0.71383	12.9878833333333	-0.00635859452165732	passive
2452088.9069	0.71425	12.97492	-0.0191719576185303	passive
2454556.86831667	0.716596666666667	12.9906866666667	-0.0026187310244925	passive
2454345.57567	0.71832	12.9907533333333	-0.0020272375728787	passive
2455038.63758667	0.72049	12.9894566666667	-0.00272214509685398	passive
2454525.88903667	0.720506666666667	12.9806066666667	-0.0115677660327496	passive
2453652.52819667	0.721276666666667	12.97426	-0.0177160013838016	passive
2455021.73695	0.72161	12.9771666666667	-0.0147257551653652	passive
2454911.86432	0.72235	12.98054	-0.0111717635584103	passive
2453249.67112333	0.727243333333333	12.99197	0.00129647422125601	passive
2454973.87229667	0.732066666666667	12.9851566666667	-0.00473929032197873	passive
2454297.72093667	0.73229	12.9015366666667	-0.0883289953442361	active
2453218.69996667	0.734043333333333	12.98632	-0.00332501535126006	passive
2452091.782	0.73476	12.99214	0.00257646543753154	passive
2452074.8987	0.74204	12.98339	-0.00562348563558324	passive
2453125.75195333	0.742166666666667	12.9884366666667	-0.000571605824568167	passive
2452739.78306	0.74259	12.99374	0.00474809701496426	passive
2454897.83682	0.743293333333333	12.93541	-0.053558276176231	active
2452384.8099	0.74495	12.98032	-0.00861007012903769	passive
2454314.66317333	0.745936666666667	12.9457433333333	-0.043175485817887	passive
2454779.51903333	0.74642	12.83046	-0.158456407374763	active
2454652.74586667	0.74831	12.97117	-0.0177563141788557	passive
2455376.79973	0.7509	12.9808633333333	-0.00812569414569175	passive
2453266.64865	0.75342	12.98287	-0.00623319345915974	passive
2452353.8463	0.75443	12.97551	-0.0136533301886228	passive
2455283.84198	0.755563333333333	12.9934533333333	0.00421289981256479	passive
2455376.81342	0.755756666666667	13.00485	0.0155954066581732	passive
2454748.56560333	0.759503333333333	12.85309	-0.136495801083763	active
2453283.58198667	0.7639	12.9772033333333	-0.0129043138511822	passive
2455489.52851333	0.763953333333333	12.8470633333333	-0.143051496973962	active
2454362.60880333	0.764226666666667	12.98558	-0.00457195821551615	passive
2452753.93061	0.76426	12.99001	-0.000146521947149481	passive
2454959.88086667	0.765813333333333	12.9886066666667	-0.00177111954332787	passive
2452945.51973333	0.76878	12.9851933333333	-0.0056528607162587	passive
2452897.63449667	0.771926666666667	12.9897933333333	-0.00161315732852252	passive
2453156.83069	0.773553333333333	12.9836733333333	-0.00804749718018627	passive
2452401.8093	0.77888	12.9927	-0.000167284408094659	passive
2452125.7181	0.78037	12.8893	-0.1039243371351	passive
2453142.76401667	0.780593333333333	12.9881966666667	-0.00508274791726926	passive
2454235.87919	0.78158	12.9707033333333	-0.02282450433629	passive
2454559.86882333	0.781623333333333	12.9957666666667	0.00222772401754945	passive
2454993.73800667	0.783396666666667	12.99327	-0.000738076670071308	passive
2454300.68731667	0.78521	12.9174966666667	-0.0770224569940723	active
2453655.53200667	0.787476666666667	12.9952266666667	2.03177265802879e-05	passive
2454734.55982	0.788156666666667	12.8820066666667	-0.11341702127346	active
2452866.69129	0.78864	12.99358	-0.002001441697006	passive
2454914.87001667	0.789223333333333	12.9960833333333	0.000307800055947993	passive
2453204.77552	0.79156	12.9177966666667	-0.0787985636055755	active
2454545.81039333	0.79159	13.0019566666667	0.00535045815620627	passive
2452173.6439	0.79163	13.00268	0.00605913544082881	passive
2455269.85768333	0.79184	13.0175833333333	0.0208851785107491	passive
2455348.74238	0.791946666666667	13.0006133333333	0.0038756964872686	passive
2452339.871	0.7939	12.99306	-0.00442792602671993	passive
2452742.74668	0.79453	13.01334	0.0155987423004476	passive
2454283.81642	0.79689	12.91345	-0.0852919228037923	active
2455410.75278333	0.802523333333333	12.9283533333333	-0.0731346790576044	active
2452756.85666	0.80286	13.00031	-0.0013592805648166	passive
2455475.55544333	0.804213333333333	12.8621566666667	-0.140261990976738	active
2452046.9012	0.80433	12.99605	-0.00643483454556737	passive
2452015.9114	0.80451	13.00522	0.00263256711361137	passive
2453159.73731333	0.805263333333333	13.0218766666667	0.0188532462396562	passive
2452063.8097	0.806	13.01423	0.0107698121507589	passive
2452804.76643	0.80843	13.0176	0.0126238290531937	passive
2452931.54669	0.80905	13.00474	-0.000641967018987444	passive
2454931.83021333	0.809236666666667	13.01402	0.00851430990657676	passive
2454751.528	0.811006666666667	12.90023	-0.106485089386478	active
2453672.50420333	0.811753333333333	13.01341	0.00616470535874214	passive
2452356.8307	0.81374	12.99936	-0.00935563517457538	passive
2452032.842	0.81402	13.01105	0.0021200313343801	passive
2454686.73999667	0.81452	13.0383933333333	0.029076183675798	passive
2454900.85514667	0.814646666666667	12.9952233333333	-0.0141928115330803	active
2454252.87896667	0.815643333333333	12.90723	-0.102978036743005	active
2452128.637	0.81644	13.00418	-0.0066777492538268	passive
2452142.7243	0.81672	13.00458	-0.00650967464565255	passive
2454365.57518	0.81714	13.0165966666667	0.00515558649062875	passive
2452742.81316	0.81813	13.03025	0.0179637376345099	passive
2454576.87795667	0.819013333333333	13.0287733333333	0.0157126835159236	passive
2454962.8487	0.819243333333333	13.03796	0.0246945423075111	passive
2454238.80620667	0.82052	12.9603466666667	-0.0540798006682692	active
2454286.70917667	0.82367	12.9598966666667	-0.0575743389043524	active
2455013.57697	0.825233333333333	13.03314	0.0140597826669424	passive
2454655.78736	0.82789	13.04709	0.0251242239300637	passive
2452883.70877	0.82899	13.02989	0.00667600688758618	passive
2452111.7743	0.83103	13.01344	-0.0121675621214123	passive
2452742.85474	0.83289	13.05078	0.0229050035598526	passive
2455334.77484667	0.834173333333333	13.0630166666667	0.0335322556159685	passive
2452742.8659	0.83685	13.05255	0.0195975517129501	passive
2453097.857	0.84086	13.0466	0.00819441294678214	passive
2454768.52303667	0.84339	12.9812533333333	-0.0607346544991643	active
2452869.67053	0.84612	13.06378	0.017818153682116	passive
2452404.8178	0.84675	13.06429	0.0173965436081644	passive
2453238.74471667	0.84892	13.0713133333333	0.0211729440520383	passive
2452373.8352	0.84948	13.07242	0.0214326918790348	passive
2452742.90376	0.85029	13.0763	0.024081590083231	passive
2452049.8513	0.85147	13.06457	0.0105459067039746	passive
2454737.56391667	0.85446	12.9724133333333	-0.0862441570168215	active
2454579.79938667	0.855976666666667	13.0815966666667	0.0205614628167528	passive
2454334.69520333	0.8563	13.08203	0.0204858317952237	passive
2453658.54528333	0.85704	13.06746	0.0047484783524343	passive
2455241.87103	0.857983333333333	13.0846633333333	0.0204589954619685	passive
2452145.6592	0.85846	13.05261	-0.0123504999082176	passive
2452018.8819	0.85889	13.07591	0.0102663878551468	passive
2455075.65528	0.859913333333333	13.0912366666667	0.0239639354858667	passive
2454272.72569667	0.86024	13.0104733333333	-0.0573203680807097	active
2454917.89068	0.8614	13.08604	0.0163931864282514	passive
2452917.60868	0.86176	13.07147	0.00124720046366278	passive
2452390.7775	0.86315	13.10092	0.028470124174147	passive
2454255.8333	0.864283333333333	12.9520433333333	-0.122225142809503	active
2455272.88038667	0.86475	13.10488	0.0298622176778238	passive
2452097.7857	0.86578	13.0786	0.0019278731301462	passive
2453114.83132	0.86589	13.0966033333333	0.0197545092100313	passive
2452776.76207	0.86829	13.09925	0.0185474011621913	passive
2452790.85147	0.86931	13.09904	0.0167017560288052	passive
2453131.74609333	0.869786666666667	13.0852466666667	0.00214481508378483	passive
2452066.8169	0.87341	13.08186	-0.00702195818249862	passive
2454548.86197667	0.874746666666667	13.1073833333333	0.0163839723067465	passive
2453675.50679333	0.877523333333333	13.1078366666667	0.0124729769497485	passive
2455478.57939667	0.877566666666667	12.9699866666667	-0.125444747867114	active
2454351.65958	0.8778	13.1178966666667	0.0221007888808238	passive
2454965.83249667	0.878343333333333	13.1105133333333	0.0138701506404928	passive
2453272.63737	0.87911	13.12363	0.0257945421720329	passive
2452080.9288	0.88242	13.06739	-0.0355469639278283	passive
2454754.55799667	0.886506666666667	13.01926	-0.0898662482952659	active
2452886.69934	0.89049	13.12247	0.00743630969522791	passive
2455289.85909333	0.891336666666667	13.1173966666667	0.00112419461078517	passive
2452328.8764	0.89137	13.13515	0.0188288815084956	passive
2454241.8291	0.8935	13.0118433333333	-0.107566387786781	active
2453100.82374333	0.893903333333333	13.1043833333333	-0.0156067611420276	passive
2453162.81441667	0.897476666666667	13.14414	0.0190725538192549	passive
2455258.88978333	0.898786666666667	13.1486533333333	0.0217543771100317	passive
2453193.81468	0.901016666666667	13.0691066666667	-0.06087178501582	active
2454771.50692	0.90252	13.056295	-0.0757315500956643	active
2452872.651005	0.904045	13.111005	-0.0230755892266625	passive
2454920.83001667	0.90472	13.1436366666667	0.0086546316523215	passive
2452021.8306	0.90553	13.13571	-0.000347426850909827	passive
2452903.65354	0.908385	13.14245	0.00265846455961949	passive
2453241.73588667	0.910633333333333	13.15689	0.0142212796201893	passive
2452762.803	0.91352	13.15737	0.0110921606820664	passive
2453210.76146667	0.916273333333333	13.1533033333333	0.00367512863992836	passive
2453134.69588	0.91681	13.14952	-0.00075050272728916	passive
2452841.70337	0.91919	13.16629	0.013214252656681	passive
2453661.54661333	0.92236	13.15405	-0.00264995462697826	passive
2453258.67427	0.922915	13.17344	0.0161190225195291	passive
2454644.78770667	0.923563333333333	13.15729	-0.000751256994201199	passive
2452920.60028667	0.92363	13.1499333333333	-0.00818167040983475	passive
2452069.7818	0.9258	13.16577	0.00528725764030291	passive
2452345.8797	0.92669	13.15934	-0.00209534920715448	passive
2454740.58555	0.92699	13.08114	-0.0806140201886052	active
2454258.82858667	0.92746	13.0539233333333	-0.108327469522354	active
2452424.7673	0.92782	13.13174	-0.0308892775922338	passive
2453196.71009333	0.92874	13.0743466666667	-0.0892417764308995	active
2455402.66086	0.9303	13.0695166666667	-0.0956716987652655	active
2454275.74142333	0.93067	13.0765366666667	-0.0890262691057231	active
2452796.65981	0.93098	13.17316	0.00728468314308017	passive
2454244.75356	0.931533333333333	13.0666866666667	-0.0997429492808717	active
2454551.85663	0.937696666666667	13.1672766666667	-0.0050411199898317	passive
2454292.66686667	0.93835	13.1032333333333	-0.0696777113254221	active
2453678.50468333	0.941623333333333	13.1655766666667	-0.0102169382604878	passive
2454371.56093	0.94178	13.1707966666667	-0.00513113843754986	passive
2454968.82981	0.942236666666667	13.1773333333333	0.00101631551366133	passive
2454582.86057	0.94254	13.22116	0.0445860735671122	passive
2452393.8264	0.94536	13.16074	-0.0181603113681224	passive
2452937.56548	0.94542	13.18499	0.00604141028640015	passive
2452748.81026	0.9468	13.20336	0.0233150672648677	passive
2454709.65735333	0.94903	13.1926666666667	0.0109071937490679	passive
2455433.70515667	0.949466666666667	13.09204	-0.0900469264692223	active
2455340.73518	0.949793333333333	13.1901533333333	0.00782321774171102	passive
2452810.8042	0.95153	13.18971	0.00611257546974642	passive
2454630.78121	0.951963333333333	13.1848633333333	0.000956408684082533	passive
2454757.56126	0.95251	13.0821933333333	-0.102100203080804	active
2454661.77699	0.953906666666667	13.1955366666667	0.0102748402840103	passive
2452331.8874	0.96012	13.18469	-0.00453877315392681	passive
2455388.65933	0.96046	13.2073566666667	0.0179269511944504	passive
2452424.8613	0.96119	13.17765	-0.0122054692198894	passive
2454537.837555	0.96163	13.193505	0.00339665990821736	passive
2452007.9052	0.96271	13.17587	-0.0148470554312148	passive
2453261.61195333	0.965643333333333	13.19518	0.00289570361656111	passive
2454261.76126667	0.968416666666667	13.14937	-0.0442798724654523	active
2452875.66067333	0.97232	13.19942	0.00404058091362991	passive
2454726.62742333	0.972553333333333	13.1893766666667	-0.00609898403017795	passive
2455064.70546	0.973276666666667	13.19775	0.00198117755976135	passive
2454340.6606	0.973716666666667	13.1902333333333	-0.0057100140799129	passive
2455309.81372	0.97423	13.22426	0.0281166863300992	passive
2453103.86753	0.97429	13.1847666666667	-0.0113997632214744	passive
2454923.84714	0.97565	13.19598	-0.000695982541191853	passive
2452024.8467	0.97609	13.19734	0.000505082198444029	passive
2455436.61066333	0.98077	13.16821	-0.0301352904951173	active
2453137.69382	0.980925	13.201775	0.00338534592710538	passive
2454357.59286	0.983816666666667	13.2072966666667	0.0081463471948382	passive
2454278.70848333	0.983823333333333	13.1625433333333	-0.036608592548756	active
2452072.7646	0.98454	13.16267	-0.0366506512067755	passive
2453151.79517333	0.9862	13.2070233333333	0.00734209585041334	passive
2454230.82389667	0.9872	13.1994866666667	-0.000391351486340952	passive
2452923.59758667	0.98752	13.1963	-0.003637733886519	passive
2452365.7763	0.98898	13.20276	0.00256988117709156	passive
2455326.76319	0.99044	13.21325	0.01284050773255	passive
2454940.79495	0.99127	13.2022366666667	0.00171722675299613	passive
2453230.69425	0.99141	13.204025	0.00348807176489352	passive
2454230.83892	0.992536666666667	13.1953333333333	-0.005333205976358	passive
2454571.74409333	0.99675	13.1977066666667	-0.00326831818904338	passive
2453278.6107	0.999343333333333	13.2137833333333	0.0127577003704147	passive
