# jd	phase	mag	magdiff	activity
2453585.71035	0.00429000000000002	12.81937	-0.0197783006460881	passive
2453089.86772	0.00507000000000002	12.79431	-0.0445192916953729	passive
2453537.82007	0.00565000000000004	12.82302	-0.0155634172239427	passive
2453681.50322	0.00595000000000001	12.76131	-0.0771433742529659	passive
2452892.66233	0.00705999999999996	12.76761	-0.0703454541547064	passive
2454760.53318	0.00739000000000001	12.81478	-0.0230223966051586	active
2453413.86667	0.00841999999999998	12.83635	-0.000960110759148591	passive
2455295.82398	0.00856999999999997	12.83979	0.00255340122272685	passive
2452940.56137	0.00880999999999998	12.80536	-0.031758027169797	passive
2453475.85744	0.01203	12.76967	-0.0657468292533299	passive
2454971.8528	0.01525	12.8327	-0.000820571235632173	passive
2452878.60155	0.01619	12.83429	0.00135762076631174	passive
2454926.78121	0.01709	12.85271	0.020354820628592	passive
2455453.61692	0.01714	12.72288	-0.109442716782532	active
2455343.7462	0.01855	12.82052	-0.0108704757292184	passive
2453650.54874	0.01867	12.84939	0.0180803402381944	passive
2454247.81862	0.0194800000000001	12.78425	-0.046508226551957	active
2455501.518	0.01962	12.77426	-0.0564018815722758	active
2452813.81535	0.02034	12.81471	-0.0154516493152226	passive
2453619.56393	0.02062	12.87359	0.0436250067173294	passive
2454540.82276	0.02123	12.86492	0.0353874835813492	passive
2454326.71256	0.02286	12.85099	0.0226396526641501	passive
2453247.69432	0.02558	12.88407	0.0577739535529975	passive
2454681.71649	0.03143	12.9001	0.0785325054661801	passive
2453523.80886	0.03237	12.84501	0.0242378780752368	passive
2453492.82357	0.03415	12.82746	0.00821832311896387	passive
2454777.51459	0.03494	12.7157	-0.102852696891491	active
2454295.76204	0.03698	12.80864	-0.0081075817835714	active
2454895.85271	0.03903	12.86006	0.0451614766499624	active
2452737.80444	0.04028	12.8235	0.00974480028080826	passive
2453154.77565	0.04412	12.76145	-0.0487267886737524	passive
2455470.59843	0.04472	12.62953	-0.180079624931421	active
2453430.87621	0.04595	12.82255	0.0141090305335041	passive
2453168.86901	0.04656	12.79115	-0.0167085917201142	passive
2455281.85215	0.04927	12.83162	0.0263685098515474	passive
2455036.74941	0.05028	12.79012	-0.0141526107745129	passive
2455408.63441	0.05061	12.69214	-0.111812043291591	active
2454943.78616	0.053	12.83118	0.0295588968954572	passive
2453588.66653	0.05359	12.87516	0.0741164458901213	passive
2453281.58694	0.05576	12.80875	0.00983591846977383	passive
2454360.61464	0.0564	12.86832	0.0700351538975355	passive
2453509.79977	0.05985	12.80255	0.00766076717280129	passive
2452943.53104	0.06289	12.71086	-0.0810411138127733	passive
2455250.90803	0.06567	12.80156	0.0123785492433921	passive
2453140.75905	0.06893	12.77456	-0.0114593968405519	passive
2454763.53047	0.07128	12.68603	-0.0977353226207782	active
2454684.6479	0.07193	12.77937	-0.0037763856935964	passive
2454298.67899	0.07235	12.779	-0.00374760016564757	active
2454329.67961	0.07602	12.74822	-0.0310855767430169	passive
2454588.87122	0.07602	12.79616	0.0168544232569836	passive
2455070.63503	0.07798	12.83805	0.0605504435203912	passive
2453622.55875	0.08363	12.80518	0.0327926404295145	passive
2455425.63451	0.08479	12.63138	-0.13996973587574	active
2452929.51048	0.0863	12.75717	-0.0128325749835394	passive
2453109.82119	0.08754	12.74264	-0.0262582707734218	passive
2455267.88326	0.09102	12.79683	0.0310292243041257	passive
2452853.45821	0.09156	12.46843	-0.2968894789232	active
2453574.69437	0.09418	12.78794	0.0249623884165793	passive
2455377.76828	0.09468	12.72381	-0.0387189937806518	passive
2454574.83764	0.0948	12.81382	0.0513987738384465	passive
2455298.89164	0.09744	12.78383	0.0237912074693156	passive
2454315.65389	0.09759	12.77401	0.0141073292997671	passive
2453526.81102	0.09799	12.71998	-0.0395592279166745	passive
2453670.50715	0.1029	12.75574	0.00072639393400209	passive
2455315.81151	0.10314	12.76393	0.00914118136352471	passive
2453171.86285	0.10922	12.74701	-0.00194003900140594	passive
2452464.7259	0.11112	12.61851	-0.128549005014069	active
2453608.55321	0.11236	12.68374	-0.0620650558253342	passive
2455377.81845	0.11249	12.69691	-0.0487626431566976	passive
2454543.89948	0.11331	12.73686	-0.00797313796531007	passive
2453591.65264	0.11351	12.76473	0.0201027599461163	passive
2453639.56279	0.11921	12.79049	0.0519361550463611	passive
2455380.66275	0.12207	12.74804	0.0126993630014756	passive
2453512.79588	0.12332	12.73224	-0.00165760384765967	passive
2452740.86033	0.12497	12.73104	-0.000914685895580192	passive
2455459.57068	0.13043	12.46188	-0.263346104399998	active
2455301.80587	0.13184	12.71771	-0.00571457481878213	passive
2454284.7682	0.13472	12.56576	-0.153920247740729	active
2453529.73559	0.13607	12.76403	0.046130239365036	passive
2453625.53069	0.13852	12.69858	-0.0160559456971328	passive
2453656.52486	0.13989	12.74058	0.027783626257941	passive
2453112.78598	0.1399	12.74483	0.0320470845960088	passive
2453560.74559	0.14306	12.67569	-0.0328241119647892	passive
2453253.66018	0.14316	12.72145	0.0130713465889176	passive
2453174.78057	0.14486	12.59615	-0.109924519965123	passive
2453301.56055	0.14539	12.69286	-0.0124960427675926	passive
2452819.81779	0.1509	12.68067	-0.0172491469719116	passive
2454946.88329	0.15232	12.70927	0.0132474942206287	passive
2454301.72261	0.15269	12.61307	-0.0824603325236062	active
2454563.73202	0.15287	12.7235	0.0282087734554519	passive
2455042.67685	0.15423	12.73843	0.0449378155427151	passive
2454639.80555	0.15515	12.76226	0.0699765413347073	passive
2454546.85313	0.16171	12.70258	0.0186607738263564	passive
2454349.64216	0.16172	12.75468	0.0707731142395751	passive
2454577.84842	0.16348	12.65776	-0.0239980582298216	passive
2453577.7071	0.16354	12.69932	0.0176343599373343	passive
2452743.79969	0.1683	12.67735	0.00121239148044872	passive
2453673.51162	0.16934	12.74465	0.0696677668924757	passive
2455287.8284	0.17054	12.68085	0.00717293628492577	passive
2455445.61782	0.17786	12.40286	-0.263582826204527	active
2454901.88978	0.18189	12.6255	-0.0375139751786975	active
2452791.73421	0.18264	12.65117	-0.0112466686507737	passive
2453287.58601	0.18513	12.61908	-0.0414408135022377	passive
2454594.81505	0.18578	12.67546	0.015412656957313	passive
2453129.82001	0.18612	12.63158	-0.0282231231390444	passive
2452853.72776	0.18724	12.4075	-0.251515079527483	active
2455335.77047	0.18757	12.6733	0.0145123674642527	passive
2453594.68447	0.18966	12.67717	0.0197741358369168	passive
2452949.52456	0.19029	12.59786	-0.0591324310464039	passive
2453563.70445	0.19331	12.62866	-0.0264970303457712	passive
2452901.64921	0.19695	12.6272	-0.0259474738279906	passive
2452870.65937	0.19711	12.61286	-0.0402038952552157	passive
2455414.68659	0.19883	12.47131	-0.180879291596783	active
2454949.83257	0.19917	12.65673	0.00470854909127638	passive
2455304.8259	0.2038	12.64902	-0.000869432226901168	passive
2453484.85409	0.20539	12.6035	-0.0457181299669802	passive
2454887.87021	0.20564	12.57262	-0.0764951740091409	active
2454642.76532	0.20572	12.66346	0.0143776270032721	passive
2452918.58112	0.20693	12.62665	-0.0219446339153677	passive
2453194.68054	0.20835	12.66754	0.0194985158029048	active
2453628.54711	0.20919	12.58879	-0.0589335258085679	passive
2453659.53896	0.20974	12.65563	0.00811110375926738	passive
2455242.86369	0.21033	12.62055	-0.0267524087394158	passive
2453115.80192	0.2104	12.66633	0.0190530729222314	passive
2454952.68215	0.21063	12.62653	-0.0206635003720521	passive
2453146.79347	0.21085	12.66562	0.0185058745211837	passive
2454304.7092	0.21277	12.53108	-0.115358247587281	active
2454352.6183	0.2181	12.64661	0.00191245318290889	passive
2455028.77674	0.22038	12.62031	-0.0236906880752894	passive
2455352.77754	0.22422	12.53067	-0.11220037498912	passive
2454611.8345	0.22683	12.63671	-0.00541247952172874	passive
2454597.75069	0.22779	12.66605	0.0241985624757746	passive
2454369.55148	0.22853	12.68526	0.0436155870376407	passive
2454628.74725	0.23001	12.67114	0.0299038382663817	passive
2454755.52609	0.23013	12.4429	-0.198303434612718	active
2453273.62763	0.2306	12.68884	0.047764160596131	passive
2453676.51099	0.23396	12.71028	0.0700851164227476	passive
2452904.57947	0.23704	12.59435	-0.0450962883091801	passive
2454904.87173	0.24033	12.62095	-0.0177750560086167	passive
2453132.79756	0.243	12.63964	0.0014293541134105	passive
2452763.74034	0.24623	12.63472	-0.00296710459309324	passive
2454659.79252	0.24952	12.56649	-0.0707905887772124	passive
2455321.85985	0.25	12.64288	0.00564702631541536	passive
2454290.72884	0.25045	12.42338	-0.213811178637666	active
2453180.71268	0.25046	12.39715	-0.240040281462036	active
2452952.52332	0.2547	12.58572	-0.0512203768727133	passive
2453211.71843	0.25595	12.60031	-0.0366093832451071	passive
2455031.70107	0.25838	12.66361	0.0266571813596741	passive
2454273.84746	0.25841	12.39637	-0.240583865816181	active
2453211.72674	0.2589	12.64253	0.00555678059636477	passive
2454338.64915	0.25975	12.63065	-0.00636697193441904	passive
2453583.61441	0.26034	12.61476	-0.0222950643989286	passive
2453662.51534	0.26621	12.63865	0.000849329608863414	passive
2452873.6742	0.26722	12.64936	0.0113597538470938	passive
2455017.64311	0.26851	12.65984	0.0215524961071818	passive
2455245.84953	0.27015	12.64561	0.0069034045005818	passive
2454307.69071	0.27106	12.57364	-0.0653258717199705	active
2453135.69654	0.27199	12.666	0.0267489703592521	passive
2454724.65441	0.27223	12.65929	0.0199620230532904	passive
2453631.54796	0.27434	12.66064	0.0205749421072667	passive
2452921.5933	0.2761	12.6123	-0.0284651547765709	passive
2454645.79231	0.28015	12.64907	0.00639942120334958	passive
2455307.86512	0.28257	12.65125	0.00724982482216419	passive
2454355.61734	0.28261	12.68056	0.0365366717593378	passive
2453293.50422	0.28579	12.61399	-0.0319942015931165	passive
2452890.63709	0.2882	12.65147	0.00384446521474402	passive
2453149.83075	0.28893	12.64798	-0.000168568093476651	passive
2453087.85431	0.29041	12.61673	-0.0325152980648475	passive
2454372.54436	0.29085	12.66312	0.0135393478337473	passive
2455355.78684	0.29238	12.67989	0.0291104478794733	passive
2455048.70682	0.29456	12.62507	-0.0275044764845482	passive
2455276.90867	0.29459	12.64696	-0.00563987846643599	passive
2454938.83237	0.29465	12.66425	0.0115992609260438	passive
2454907.84469	0.29558	12.61761	-0.0358387005020511	passive
2455324.81554	0.29912	12.68262	0.0259712557294716	passive
2455386.79784	0.29972	12.61351	-0.0437061765663405	passive
2454758.55092	0.30379	12.39387	-0.267381010390578	active
2455293.83921	0.30408	12.67346	0.0119093772407481	passive
2454600.78487	0.30477	12.67072	0.00845015568162744	passive
2453217.49198	0.30527	12.63985	-0.0229465739771282	passive
2455341.74359	0.30773	12.69058	0.0251249504576201	passive
2455375.55266	0.30825	12.6473	-0.0187310494476769	passive
2452876.61069	0.30953	12.59358	-0.0738894054448878	passive
2455372.74081	0.31018	12.69513	0.0269191289027493	passive
2453648.55542	0.31114	12.75228	0.0829605964862914	passive
2453104.8231	0.31347	12.64716	-0.0249154359231358	passive
2452924.51894	0.31455	12.67055	-0.00283378077573282	passive
2453245.69211	0.3149	12.64581	-0.028001905168626	passive
2454276.82727	0.31609	12.52881	-0.146472444600148	active
2454245.83717	0.31616	12.51603	-0.159339659420731	active
2453490.81743	0.32207	12.70641	0.0234010635807422	passive
2453152.74426	0.32308	12.69102	0.00665284229826746	passive
2454775.51002	0.32342	12.49717	-0.187657714387177	active
2454538.85823	0.32392	12.71604	0.0305319755193949	passive
2453521.81334	0.32407	12.69925	0.0135371848966894	passive
2454293.75819	0.32572	12.48049	-0.207496494993201	active
2453197.82913	0.32594	12.60859	-0.0797025207804065	active
2455375.60581	0.32711	12.67307	-0.016861090893908	passive
2453569.71896	0.32815	12.71797	0.0265670720315789	passive
2454231.78794	0.32939	12.71382	0.0206438797205788	passive
2453459.84803	0.32949	12.71352	0.0202000304333776	passive
2455468.58712	0.33081	12.30661	-0.388620388714763	active
2453310.53619	0.33129	12.71071	0.0147796546662082	passive
2453428.86297	0.33135	12.71498	0.0189619662701048	passive
2453262.64643	0.33283	12.75894	0.0607456100719421	passive
2454744.54635	0.33287	12.42329	-0.274963561783272	active
2454648.76316	0.33465	12.72668	0.0257751664857118	passive
2453538.75257	0.33664	12.69948	-0.0044292626872835	passive
2452876.69559	0.33967	12.6318	-0.0767598796154072	passive
2455375.64464	0.3409	12.71789	0.00741789288812278	passive
2453586.67568	0.34694	12.70912	-0.0109209198879689	passive
2454279.73169	0.34701	12.51931	-0.200843380880189	active
2452845.73711	0.35096	12.68575	-0.04079849483443	passive
2452893.63236	0.35137	12.70861	-0.0186073743480826	passive
2453090.84738	0.3528	12.69821	-0.031346921610357	passive
2455375.68426	0.35496	12.73182	-0.00128856888746931	passive
2453231.71912	0.35519	12.72736	-0.006127896433469	passive
2453138.75296	0.35687	12.77871	0.0424454252176325	passive
2453279.62248	0.35847	12.73045	-0.00846770753580195	passive
2453682.50147	0.36028	12.81673	0.0748024951708395	passive
2453634.60988	0.36117	12.76463	0.02121983356251	passive
2454761.53177	0.36184	12.47019	-0.27433730662422	active
2453651.52328	0.36458	12.76568	0.0165775930396652	passive
2453603.63181	0.36551	12.8363	0.0856431889812583	passive
2453620.53834	0.36648	12.78007	0.0277915766719303	passive
2455296.83616	0.36784	12.77756	0.0230079505355292	passive
2453476.86635	0.37014	12.73317	-0.0252250311287039	passive
2454327.70653	0.37567	12.73831	-0.0292916493750024	passive
2453248.68088	0.37576	12.76059	-0.00716087766463325	passive
2453524.77797	0.37636	12.6873	-0.0814451320365723	passive
2454989.77736	0.37756	12.81543	0.0446995615438066	passive
2455068.66448	0.37853	12.83779	0.06545798884855	passive
2455375.75231	0.37911	12.81386	0.0405717619907673	passive
2455265.87794	0.37923	12.76456	-0.00892594356716359	passive
2455392.65986	0.38045	12.52631	-0.249183281110476	active
2455375.75944	0.38165	12.75684	-0.0206228489522111	passive
2454730.60389	0.384	12.7399	-0.0414052950490706	passive
2455375.76655	0.38417	12.78687	0.00528751798928973	passive
2455423.66178	0.38457	12.45022	-0.332014262013073	active
2452752.86104	0.38462	12.76968	-0.012635692381	passive
2454651.72394	0.38558	12.81074	0.026862682694837	passive
2455375.77366	0.38669	12.79775	0.0120714900141969	passive
2454296.74743	0.38675	12.61376	-0.172015733755563	active
2453169.83195	0.38835	12.76265	-0.0257130253753388	passive
2455375.78079	0.38922	12.7663	-0.0234654533880807	passive
2453107.85711	0.3904	12.77751	-0.0141524853814499	passive
2452879.67401	0.39686	12.80007	-0.00186672049791881	passive
2454361.57386	0.39687	12.81645	0.0144975290546601	passive
2455375.80291	0.39707	12.75652	-0.0457473753491069	passive
2455023.65716	0.40319	12.82942	0.017616858831131	passive
2454589.7931	0.40324	12.83961	0.0277297846790088	passive
2452927.58736	0.40369	12.7783	-0.0342732510373587	passive
2454634.88286	0.40784	12.83731	0.0184004737548324	passive
2454716.59231	0.41059	12.87296	0.0499087566031751	passive
2453141.73049	0.41374	12.79969	-0.0280464685257424	passive
2452865.64939	0.41882	12.80681	-0.0283422101036308	passive
2453282.6101	0.41893	12.82085	-0.0144607954981772	passive
2452462.7811	0.42081	12.69834	-0.139667676596677	active
2454234.86412	0.42128	12.81816	-0.0205178702716822	passive
2452738.87999	0.42205	12.82815	-0.011622317233309	passive
2454558.85752	0.42266	12.86857	0.027933791151078	passive
2454699.72386	0.42314	12.77507	-0.0662440261688779	passive
2455457.59337	0.42858	12.44969	-0.399179714638722	active
2453299.54583	0.43026	12.85169	0.00053790478585114	passive
2454330.67878	0.43067	12.84899	-0.00271510497759486	passive
2453110.78806	0.43074	12.78556	-0.0662393604820561	passive
2453589.73668	0.43344	12.85372	-0.00167784039999042	passive
2454575.80524	0.43825	12.87687	0.0152556173797258	passive
2454299.71021	0.43838	12.65002	-0.211758679085921	active
2453606.65539	0.43873	12.91026	0.0480400054574641	passive
2453251.676	0.43888	12.86368	0.00127132872504809	passive
2455347.74891	0.43931	12.91368	0.0507319926265755	passive
2455426.63577	0.44019	12.54487	-0.319174567723355	active
2453448.89628	0.44217	12.89893	0.032454542644329	passive
2453575.67766	0.44319	12.85037	-0.0173374320568414	passive
2455378.75263	0.44408	12.88048	0.011709248600539	passive
2452834.73096	0.44433	12.69494	-0.174127451657828	passive
2453527.79382	0.44684	12.86735	-0.00464669340112067	passive
2453203.80922	0.44857	12.82162	-0.0523413065962153	active
2452854.46627	0.44937	12.6028	-0.272054245795088	active
2452741.78238	0.45225	12.85408	-0.0239042595110668	passive
2455285.8097	0.45401	12.89426	0.014430540610606	passive
2454623.74858	0.45573	12.8688	-0.0127811077038942	passive
2454316.66414	0.45618	12.90581	0.0237792422316332	passive
2452817.86182	0.45663	12.77977	-0.102706770654725	passive
2455057.62193	0.45898	12.96811	0.083364310913808	passive
2454654.75789	0.46248	12.9391	0.0511696213753332	passive
2453127.78229	0.46283	12.85895	-0.0292855878807092	passive
2452882.67898	0.46347	12.85066	-0.0381272947875235	passive
2453158.77551	0.46387	12.87049	-0.0186378845809347	passive
2453268.65239	0.46464	12.84768	-0.0420942767965116	passive
2455254.85086	0.46517	12.9219	0.031687936873956	passive
2455040.73837	0.46616	12.96634	0.0753259518046416	passive
2453640.54539	0.46798	12.92376	0.0313261123599577	passive
2454702.67946	0.47223	12.89067	-0.00479450807479154	passive
2454268.81963	0.47378	12.61541	-0.28105675827096	active
2454333.61818	0.47401	12.96825	0.0716393476138553	passive
2455412.64509	0.4742	12.68743	-0.209298572005666	active
2453482.81034	0.47996	12.83797	-0.0619149058079209	passive
2453175.74143	0.48592	12.91732	0.0150620879393646	passive
2455429.58227	0.48605	12.69588	-0.206419102989054	active
2453237.72612	0.48737	12.85965	-0.0430411188183673	passive
2452789.78144	0.48951	12.8539	-0.0493239140833985	passive
2452868.66626	0.48966	12.90067	-0.00258643372601419	passive
2454885.85708	0.49108	12.871	-0.0325325699331476	active
2454592.86053	0.49202	12.98939	0.0857064619475114	passive
2453530.74184	0.49323	12.95009	0.046249897317546	passive
2454947.84588	0.49399	13.01249	0.108573502865175	passive
2454626.67897	0.49587	12.95881	0.0547781841321981	passive
2453657.52901	0.49631	12.92303	0.0189864943525588	passive
2453302.55064	0.49682	12.82909	-0.0749597279095866	passive
2452916.59547	0.50212	12.84875	-0.054889470190977	passive
2453254.67177	0.50223	12.91513	0.0115083905877977	passive
2453420.89661	0.5037	12.87589	-0.0274556826391095	passive
2453113.81754	0.50605	12.91344	0.0106810543680336	passive
2454302.72363	0.508	12.91937	0.017236261316123	active
2452758.85054	0.51059	12.86028	-0.0408254608791729	passive
2453192.73034	0.51613	12.749	-0.149126321915077	active
2454933.82669	0.51789	12.98442	0.0874685992807329	passive
2453640.68973	0.51921	12.68457	-0.211426233682468	passive
2454350.65236	0.52029	12.91217	0.0170029454529015	passive
2453674.50354	0.52142	12.91757	0.0233168710429617	passive
2454688.73313	0.52198	12.93231	0.0385274837742973	passive
2454564.78424	0.52635	12.94071	0.05100841486931	passive
2454657.76088	0.52839	12.90066	0.0131080306790849	passive
2452933.57425	0.52873	12.86524	-0.0219393697835475	passive
2453271.65493	0.53039	12.82487	-0.0604338323771891	passive
2454367.58894	0.53192	12.99648	0.112984594155606	passive
2453643.54761	0.53362	12.88874	0.00733885672683421	passive
2453288.59715	0.54403	12.82964	-0.0372978604264986	passive
2454240.85107	0.54635	12.61719	-0.246217433291504	active
2455463.56034	0.54655	12.48197	-0.381129020814647	active
2453130.83599	0.54674	12.8024	-0.0604054674863033	passive
2453240.71221	0.54728	12.87906	0.0170917628031102	passive
2453578.79083	0.54821	12.81849	-0.0420266203915567	passive
2452744.87243	0.54906	12.88622	0.0270402505497014	passive
2452854.74874	0.54964	12.6052	-0.253062334684648	active
2454888.8429	0.5509	12.72932	-0.126935928236154	active
2454257.78066	0.5555	12.51184	-0.336966441110517	active
2454550.78501	0.55733	12.91275	0.0669451891260771	passive
2454353.58543	0.56138	12.9045	0.0653700894703739	passive
2452761.8116	0.56162	12.81548	-0.0232541161916267	passive
2453660.53127	0.56196	12.86589	0.0277164746268301	passive
2454674.76129	0.56268	12.87681	0.0398229731479951	passive
2454305.69613	0.56309	12.754	-0.0823118901700841	active
2453257.66947	0.56626	12.83281	0.00169681564513091	passive
2453502.77902	0.56784	12.81015	-0.0183930718091663	passive
2454629.70411	0.56964	12.81381	-0.0118293403116727	passive
2455353.75522	0.57125	12.83446	0.0113910664893488	passive
2453164.72481	0.57557	12.81738	0.00104724779784426	passive
2453550.7004	0.57752	12.6853	-0.128081757596124	passive
2454612.82716	0.57918	12.72776	-0.083151857530904	passive
2454274.75709	0.58128	12.55656	-0.251278132445966	active
2454291.6641	0.58242	12.64667	-0.159521399696366	active
2453195.74065	0.58464	12.72285	-0.0801744214500211	active
2455274.91251	0.58605	12.80629	0.00525231240546553	passive
2454370.56304	0.58758	12.83278	0.0338788683804854	passive
2453677.51093	0.58889	12.84517	0.0480839574894745	passive
2454708.65101	0.59183	12.8075	0.0144473382996022	passive
2453615.56934	0.60274	12.80261	0.0242824579979679	passive
2452874.62002	0.60294	12.7597	-0.0183578471710106	passive
2454756.57658	0.603	12.46614	-0.311836921899916	active
2452905.61872	0.60592	12.80934	0.0353137668302139	passive
2455497.53603	0.60622	12.39621	-0.377408635261004	active
2454339.63439	0.60946	12.78707	0.0178815476685514	passive
2455260.89479	0.61046	12.78102	0.0132113322416778	passive
2454646.74516	0.61836	12.70618	-0.0504312493104297	passive
2453426.85749	0.61951	12.76337	0.008443857534008	passive
2453308.54147	0.62326	12.7349	-0.0144089315307276	passive
2453212.75706	0.62461	12.74433	-0.00290633577467325	passive
2454891.87001	0.62537	12.62076	-0.125296815128863	active
2452922.57843	0.62577	12.75094	0.00550770508805165	passive
2452874.68845	0.62723	12.7795	0.0363680918758131	passive
2453212.76525	0.62752	12.74519	0.00251877960593383	passive
2454677.76777	0.62983	12.79648	0.0575197380740597	passive
2455356.76472	0.63947	12.70669	-0.0161744082938444	passive
2453088.83899	0.63992	12.71983	-0.0022663539873875	passive
2454260.83653	0.64018	12.46271	-0.258942159345745	active
2453277.60933	0.64391	12.7037	-0.0115536143487827	passive
2454277.7537	0.64493	12.50587	-0.207628553946051	active
2453294.52166	0.64694	12.72777	0.0177312811351165	passive
2455435.67594	0.64899	12.4476	-0.258913712265631	active
2454759.53921	0.65458	12.41068	-0.286294154270971	active
2452891.67161	0.6554	12.67996	-0.0156295066933261	passive
2454584.87623	0.658	12.68299	-0.00824448309745662	passive
2453522.75687	0.65897	12.71305	0.0234245409490903	passive
2453584.74048	0.66004	12.65658	-0.0312817928156814	passive
2453632.63663	0.66077	12.63857	-0.048095781852517	passive
2453649.54457	0.66224	12.74647	0.0621934332665681	passive
2452877.60476	0.66238	12.68471	0.000659571388037961	passive
2453570.67131	0.66619	12.66988	-0.00812074611849845	passive
2453474.8878	0.66786	12.66498	-0.0104392922027436	passive
2454539.83102	0.66921	12.71516	0.0417925937586521	passive
2454956.79507	0.67051	12.68592	0.0144970415123353	passive
2455500.53458	0.67055	12.33367	-0.337693637299855	active
2453429.82532	0.67294	12.59388	-0.0739970563839982	passive
2455294.88888	0.67666	12.66862	0.0059257459831219	passive
2455342.78608	0.67776	12.66241	0.00118832712241179	passive
2454987.81524	0.68111	12.63034	-0.0265657227628484	passive
2452925.56967	0.68751	12.67612	0.026758299885703	passive
2453491.86457	0.69376	12.70018	0.0573059902179018	passive
2455390.72686	0.69433	12.60957	-0.0327552058637863	passive
2455438.62173	0.6946	12.45061	-0.191457735829509	active
2453091.81655	0.6968	12.64868	0.00865063532704902	passive
2453153.79752	0.69693	12.57393	-0.065982228233743	passive
2454359.61046	0.69996	12.66234	0.0250536047658496	passive
2453508.79131	0.7019	12.61796	-0.0177498907349509	passive
2454762.51193	0.70975	12.45185	-0.178308318833144	active
2453232.71831	0.70985	12.45657	-0.173526102389213	passive
2452829.84576	0.71033	12.5222	-0.107600424579163	passive
2455328.7927	0.71081	12.65023	0.0207203555951079	passive
2453139.75456	0.71239	12.64887	0.0202829729401852	passive
2453525.72624	0.71295	12.64483	0.0165572839883392	passive
2454666.73443	0.71355	12.70172	0.0737766880886905	passive
2453280.62525	0.71441	12.6169	-0.0105844212322879	passive
2454556.86986	0.71714	12.64038	0.0142491219744212	passive
2455038.63909	0.72102	12.63304	0.00856425028672625	passive
2454525.89058	0.72106	12.66054	0.0360796788960762	passive
2453652.52981	0.72185	12.62931	0.00514758087230938	passive
2455021.73849	0.72216	12.59471	-0.0293390612390994	passive
2454911.86585	0.72289	12.62779	0.00400000612293461	passive
2453621.54286	0.72304	12.65924	0.035501871563179	passive
2453477.86946	0.7262	12.61741	-0.00534356495462163	passive
2453249.67304	0.72793	12.58366	-0.0386417385251683	passive
2454973.87383	0.73261	12.64747	0.0260822231249378	passive
2454297.72242	0.73282	12.60587	-0.0154873010286849	active
2453218.70154	0.7346	12.60518	-0.0159552564336476	passive
2453125.75352	0.74272	12.55952	-0.061423292455471	passive
2452739.78685	0.74394	12.61965	-0.00138046581604456	passive
2454897.83866	0.74394	12.54637	-0.074660465816045	active
2453669.49968	0.7453	12.58622	-0.0349432624691044	passive
2454314.66467	0.74647	12.60354	-0.0177675253026699	passive
2454779.52099	0.74711	12.42571	-0.195688175501983	active
2454652.74745	0.74887	12.65595	0.0342597799155584	passive
2455376.80129	0.75145	12.60411	-0.0181215165365476	passive
2453266.65024	0.75398	12.60559	-0.0173027591632504	passive
2455283.84357	0.75613	12.63602	0.012464001446844	passive
2455376.81498	0.75631	12.6108	-0.0128157428039479	passive
2454748.56719	0.76007	12.46279	-0.162222446672478	active
2453573.75604	0.76112	12.60588	-0.0195731122590992	passive
2453463.89017	0.76425	12.64428	0.0173824203172543	passive
2453283.58363	0.76448	12.65068	0.0236685570649247	passive
2455489.53038	0.76461	12.32983	-0.297246267502125	active
2454362.61032	0.76476	12.67903	0.0518785158089745	passive
2452753.93439	0.76561	12.66384	0.0362538085664745	passive
2454959.88276	0.76648	12.65894	0.0308939531008043	passive
2452945.52138	0.76936	12.54506	-0.0846158695422119	passive
2452463.7636	0.76955	12.56641	-0.0633791944400439	active
2453156.8326	0.77423	12.61892	-0.0138867725656002	passive
2453638.59371	0.77523	12.61002	-0.0234878346035767	passive
2454765.52606	0.77962	12.38145	-0.25536402896199	active
2453142.76593	0.78127	12.62697	-0.0111790319854883	passive
2453511.8337	0.78179	12.65081	0.012230198714331	passive
2454235.88066	0.7821	12.62958	-0.0092588597924248	passive
2454559.87038	0.78218	12.64809	0.00918401470891439	passive
2453590.71974	0.78238	12.60246	-0.0366142848308204	passive
2454993.73954	0.78394	12.62046	-0.0199505551234278	passive
2453528.74569	0.7847	12.6533	0.0122235778095856	passive
2453624.53548	0.78527	12.60015	-0.0414320900904901	passive
2454300.6888	0.78573	12.58318	-0.0588140424502779	active
2453497.76154	0.78688	12.64557	0.00253118236454419	passive
2453497.76154	0.78688	12.64557	0.00253118236454419	passive
2453655.53364	0.78806	12.62487	-0.0192625342048665	passive
2454734.56142	0.78872	12.50575	-0.139003648752821	active
2454914.87191	0.78989	12.62348	-0.0223908819270253	passive
2453204.77711	0.79213	12.52562	-0.122445785555408	active
2454545.81194	0.79214	12.68678	0.0387042553495291	passive
2455269.85924	0.79239	12.63963	-0.00869517632665939	passive
2455348.74393	0.7925	12.67001	0.0215747977857941	passive
2453607.66058	0.79552	12.67294	0.0214200124346462	passive
2452742.75048	0.79588	12.65532	0.00342428018815788	passive
2454283.81792	0.79742	12.52457	-0.128951470145282	active
2455410.75432	0.80307	12.43705	-0.222675010964725	active
2452756.86043	0.8042	12.65056	-0.0104471999694038	passive
2455475.557	0.80477	12.3729	-0.288758814113859	active
2453159.73923	0.80594	12.68323	0.0202238088065148	passive
2454976.90593	0.80885	12.75323	0.0868182776805586	passive
2452931.54834	0.80964	12.63102	-0.0363288317730177	passive
2454931.83176	0.80979	12.65825	-0.00927734046565654	passive
2454751.52959	0.81157	12.43244	-0.23721916517086	active
2453672.50582	0.81233	12.68674	0.0161633113608328	passive
2454686.74157	0.81508	12.7258	0.0518696614187153	passive
2454900.85668	0.81519	12.63268	-0.0413855177762237	active
2454252.88045	0.81617	12.50636	-0.168913119175906	active
2454365.57671	0.81768	12.74311	0.0659652012843033	passive
2452742.81694	0.81947	12.63899	-0.0403893861828877	passive
2454576.87951	0.81956	12.70675	0.0272578387220133	passive
2454962.85054	0.81989	12.70677	0.0268640019506439	passive
2454286.71065	0.82419	12.40599	-0.279350264462302	active
2455013.57882	0.82589	12.65337	-0.0341365099399979	passive
2454655.78893	0.82845	12.72936	0.0385774430319294	passive
2452883.71086	0.82973	12.66291	-0.0295154253708905	passive
2452742.85851	0.83422	12.69761	-0.00059246395127488	passive
2455334.77639	0.83472	12.72193	0.0230836735536464	passive
2453576.78752	0.83714	12.71817	0.0162086098133809	passive
2453483.82774	0.84109	12.68182	-0.0252124035519365	passive
2454768.52495	0.84407	12.56069	-0.150146881581282	active
2453593.71359	0.84504	12.64658	-0.0654897145838387	passive
2452869.67358	0.8472	12.69727	-0.0175330445142041	passive
2453238.74629	0.84948	12.67402	-0.0436474503569997	passive
2453303.54892	0.85116	12.74224	0.0224777338600752	passive
2452742.90755	0.85163	12.68161	-0.0387356801620324	passive
2454737.56551	0.85502	12.573	-0.151515758857579	active
2454579.80094	0.85653	12.76469	0.0383403247349339	passive
2454334.69672	0.85684	12.76147	0.0347457761865524	passive
2453658.5469	0.85761	12.73523	0.00757843486377574	passive
2455241.8729	0.85865	12.74764	0.0187428979411877	passive
2455075.65678	0.86044	12.8024	0.0713788713907473	passive
2454272.7272	0.86077	12.68955	-0.0418598670379975	active
2454917.89221	0.86195	12.71705	-0.015742353612664	passive
2452917.61129	0.86268	12.6928	-0.0408415498110219	passive
2454255.83479	0.86481	12.53719	-0.198901520238811	active
2455272.88193	0.8653	12.73272	-0.00392903871538763	passive
2453114.83323	0.86657	12.75945	0.021367025352367	passive
2453500.80631	0.86763	12.69147	-0.047797214178285	passive
2453131.74767	0.87034	12.72303	-0.0192100561234785	passive
2452790.85525	0.87066	12.73643	-0.00615568413796019	passive
2454548.86352	0.8753	12.74086	-0.00659961183451152	passive
2453675.50848	0.87812	12.81501	0.0647185271641089	passive
2455478.58095	0.87812	12.45621	-0.29408147283589	active
2454351.66111	0.87834	12.75483	0.00432152641242034	passive
2454965.83434	0.87899	12.76921	0.0180635294102984	passive
2453579.72433	0.87956	12.77075	0.0190478334927953	passive
2453272.63901	0.87969	12.79173	0.0399015798556572	passive
2454754.55991	0.88718	12.60736	-0.151478605671674	active
2453644.55353	0.89067	12.78798	0.0260161215400014	passive
2452886.70143	0.89124	12.76609	0.00362194978223584	passive
2453289.57903	0.89255	12.79697	0.0333487801499892	passive
2453517.79269	0.89694	12.73232	-0.0351226555287312	passive
2453162.81634	0.89816	12.7446	-0.0238969002923302	passive
2455258.89132	0.89933	12.72499	-0.0445163789469643	passive
2453193.81626	0.90158	12.68694	-0.0845064184347297	active
2454771.50815	0.90296	12.67291	-0.0997275229095589	active
2453486.82192	0.90387	12.73083	-0.0425942679018316	passive
2454920.83155	0.90526	12.77379	-0.000839000594739403	passive
2453306.52445	0.90732	12.81561	0.0391862705081412	passive
2453241.73781	0.91132	12.75607	-0.023885654269419	passive
2453210.76339	0.91696	12.75996	-0.0251350228050722	passive
2453134.69746	0.91737	12.78632	0.000841987997139526	passive
2453472.77839	0.91912	12.79037	0.00324048159069612	passive
2453424.88571	0.91963	12.78703	-0.00058619690738837	passive
2452841.70757	0.92068	12.7601	-0.0285262905113974	passive
2453661.54824	0.92294	12.81865	0.0278101512169897	passive
2453258.67623	0.92361	12.82872	0.0372129040624909	passive
2454644.78929	0.92413	12.81942	0.0273913875100593	passive
2452920.60195	0.92422	12.75441	-0.037709205027225	passive
2453551.67963	0.9251	12.70207	-0.0909402380698481	passive
2454740.58725	0.92759	12.60674	-0.188841175748708	active
2454258.83007	0.92799	12.64899	-0.147010375728181	active
2454275.74292	0.9312	12.66337	-0.13604528530977	active
2452796.66357	0.93232	12.78685	-0.0137743853562036	passive
2453292.52079	0.93673	12.8489	0.0434603260646238	passive
2454551.85817	0.93825	12.83772	0.0306106659510217	passive
2454292.66836	0.93888	12.71608	-0.0917214417993861	active
2453678.50638	0.94222	12.85646	0.045000166630583	passive
2454371.56249	0.94233	12.88301	0.0714302395416659	passive
2454968.83135	0.94278	12.86946	0.057390156938629	passive
2452748.81403	0.94813	12.79978	-0.0180220219863312	passive
2454709.65894	0.94959	12.8311	0.0117754562430576	passive
2455433.7067	0.95001	12.64828	-0.171478299340846	active
2455340.73704	0.95045	12.79286	-0.0273505424046654	passive
2454630.78308	0.95262	12.84488	0.0224742632122901	passive
2452810.80798	0.95287	12.78734	-0.0353146041444248	passive
2454757.56286	0.95308	12.73083	-0.0920329678078939	active
2454661.77887	0.95457	12.85816	0.0338373915627841	passive
2453616.57557	0.9599	12.87833	0.0490959106301094	passive
2455388.66087	0.961	12.83298	0.00280154244583741	passive
2454537.83957	0.96235	12.88075	0.0494490455803582	passive
2453520.80021	0.96446	12.84582	0.0128505134816237	passive
2454261.76275	0.96894	12.59583	-0.240297347732231	active
2453633.51095	0.97111	12.86833	0.0308813582866474	passive
2454726.62902	0.97312	12.89221	0.0536703931220508	passive
2452875.66307	0.97317	12.78803	-0.0505350463296779	passive
2455064.70696	0.97381	12.85649	0.0176068034895938	passive
2454340.66212	0.97426	12.82925	-0.00984850395157721	passive
2455309.81526	0.97477	12.8523	0.0129659826858042	passive
2453103.86923	0.9749	12.82652	-0.0128725908947285	passive
2454923.84868	0.97619	12.86565	0.0257084765606592	passive
2453309.53779	0.97691	12.81143	-0.0287925991798872	passive
2453427.8686	0.9784	12.78706	-0.0536875525107909	passive
2455436.61222	0.98133	12.7935	-0.0480617561490071	active
2454278.71	0.98436	12.80864	-0.0334696955942544	active
2454357.59439	0.98436	12.88852	0.0464103044057449	passive
2453151.79675	0.98676	12.8343	-0.0080396494148296	passive
2452923.59924	0.98811	12.83809	-0.00430229436840612	passive
2455326.76474	0.99099	12.83828	-0.00404606008217634	passive
2454940.79649	0.99181	12.82859	-0.0136738810672536	passive
2453230.69671	0.99228	12.8549	0.0126802261361227	passive
2454571.74564	0.9973	12.84713	0.00575324969827662	passive
2453295.51563	0.99974	12.82228	-0.0184521405536664	passive
2453278.61233	0.99992	12.89106	0.0503812280504405	passive
