# jd	phase	mag	magdiff	activity
2453089.86521	0.00417000000000001	12.99626	-0.0277879446028582	passive
2452892.65968	0.00612000000000001	13.0044	-0.018563720910393	passive
2454760.5307	0.00651000000000002	13.00939	-0.0133540721277452	active
2455295.82162	0.00773000000000001	13.04568	0.0236274412130406	passive
2452940.55872	0.00787000000000004	13.004	-0.0179728552032472	passive
2452782.79353	0.00914999999999999	13.0111	-0.0101419167951757	passive
2452396.8337	0.0128	13.02833	0.00917313305831691	passive
2452878.59902	0.01529	12.98736	-0.0304002560049064	passive
2454926.77891	0.01628	13.06021	0.0429934907121634	passive
2455453.61459	0.01631	12.94272	-0.0744801595544171	active
2452334.8668	0.01766	13.06261	0.0461367914640913	passive
2455343.7439	0.01774	13.04475	0.0283192915732009	passive
2453650.54637	0.01783	13.06691	0.0505270214152791	passive
2454247.8164	0.01869	12.96508	-0.05085150976047	active
2455501.51566	0.01879	12.94537	-0.0705095792911443	active
2452813.81214	0.0192	13.02609	0.0104220363132761	passive
2454540.82045	0.02041	13.07239	0.0573335948922562	passive
2454326.71034	0.02207	12.9941	-0.0201525584558713	passive
2452957.50832	0.02413	12.96861	-0.0447103515444418	passive
2453247.6918	0.02469	13.02722	0.0141390920619511	passive
2452041.9015	0.02969	13.02638	0.0151684880601	passive
2454681.71402	0.03055	13.05224	0.0413076642778734	passive
2454777.5121	0.03406	12.9339	-0.0759918236307975	active
2454295.75981	0.0361900000000001	12.97849	-0.0308315634510414	active
2454895.85041	0.03821	13.00371	-0.00510002105596108	active
2452737.80123	0.03914	13.01637	0.00778882351717236	passive
2452027.844	0.03999	13.04084	0.0324655063312225	passive
2452351.8352	0.04059	13.05697	0.0487404086948526	passive
2454343.67092	0.04223	12.99959	-0.00824534011823275	passive
2453154.77313	0.04323	13.05121	0.0436155389441417	passive
2455470.5961	0.0439000000000001	12.83849	-0.168942094266136	active
2453430.87377	0.04509	13.02342	0.0162795450201365	passive
2453168.8665	0.04566	12.96228	-0.0447187770869544	passive
2455281.84982	0.04845	13.02483	0.0185521576427981	passive
2455036.74715	0.04948	13.00098	-0.00501655825460645	passive
2455408.63209	0.04978	12.8981	-0.107812752936832	active
2452492.7322	0.0519500000000001	13.02221	0.0169325836327108	passive
2454943.78385	0.05218	13.03946	0.0342532362747381	passive
2453281.5845	0.05489	13.00639	0.0020720284744673	passive
2452382.8667	0.05521	13.00805	0.00384449218514327	passive
2454360.61234	0.05558	13.02792	0.0238466881378372	passive
2451996.9009	0.05674	13.00264	-0.00100315945570095	passive
2452895.62796	0.05971	13.04103	0.0386082160555077	passive
2452943.52847	0.06198	12.96891	-0.0324459712364966	passive
2455250.90572	0.06485	13.00384	0.0040206231195743	passive
2453140.75655	0.06804	12.99735	-0.000480057375794374	passive
2453250.63627	0.0698299999999999	12.9866	-0.00996941841637522	passive
2452075.823	0.07012	12.99349	-0.00286474740224385	passive
2454684.64545	0.07106	12.9732	-0.0224381893914405	passive
2454298.67676	0.07156	12.93613	-0.0591138735219339	active
2452399.8181	0.07211	13.00765	0.0128506757911424	passive
2454588.8689	0.0752	12.99848	0.00639833774029697	passive
2454329.67735	0.07521	12.98297	-0.00910223750073058	passive
2452337.8467	0.07537	13.01517	0.0232491208767946	passive
2455070.63277	0.07717	13.01931	0.029163231204171	passive
2452140.6566	0.08279	12.96466	-0.0191771159973033	passive
2455425.63219	0.08397	12.84939	-0.132989907279047	active
2452929.50783	0.08536	12.95046	-0.030151137759125	passive
2453109.81869	0.08666	12.95548	-0.023428875375286	passive
2455267.88094	0.0901999999999999	13.01394	0.0398772595296553	passive
2452853.455	0.0904199999999999	12.70701	-0.266742355123867	active
2455377.76595	0.0938600000000001	12.91051	-0.0582696513660732	passive
2454574.83533	0.09398	12.9826	0.0139974956228226	passive
2455298.88925	0.09659	12.99307	0.0283717328463009	passive
2454315.65167	0.0968	12.9441	-0.0202802702043741	passive
2452157.6063	0.0990799999999999	13.02057	0.0596726497340683	passive
2452495.6839	0.09965	12.92786	-0.0321590685855657	passive
2454267.76596	0.09978	12.84526	-0.114558397994196	active
2453670.50478	0.10206	12.89915	-0.0571309237892486	passive
2455315.80922	0.10233	12.98251	0.0266498217934945	passive
2452526.6936	0.10654	12.93987	-0.00940870540465788	passive
2452464.7237	0.11034	12.83356	-0.109802251674587	active
2452354.8498	0.11062	12.96482	0.0218906188302359	passive
2455377.81614	0.11167	12.92201	-0.0193015258801221	passive
2454543.89707	0.11246	12.94844	0.00833937949495045	passive
2452016.7823	0.11364	12.90024	-0.0380636749256791	passive
2452092.8578	0.11662	12.93568	0.00183762517945496	passive
2452898.60847	0.11764	12.95462	0.0222745333596563	passive
2453639.56037	0.11835	12.96238	0.0310661040235392	passive
2452323.8818	0.11854	12.96359	0.0325506355934131	passive
2455380.66042	0.12125	12.93445	0.00724983079926744	passive
2452740.85712	0.12383	12.91003	-0.0136651603671272	passive
2455459.56835	0.1296	12.64993	-0.26654267460591	active
2455301.80341	0.13097	12.95096	0.0360818919325414	passive
2452467.6011	0.13167	12.89943	-0.0146496453841927	passive
2452512.6805	0.13259	12.89753	-0.0155163689009541	passive
2454284.76598	0.13393	12.78495	-0.126622924892619	active
2452371.8199	0.13415	12.94337	0.0320355258983636	passive
2453112.78346	0.139	12.91373	0.00742620591914722	passive
2453656.52249	0.13905	12.87122	-0.035034011420505	passive
2453253.65781	0.14232	12.92392	0.0208418030911517	passive
2453174.7782	0.14402	12.86608	-0.0354035667002126	passive
2453191.68416	0.14479	12.55097	-0.349802488602363	active
2452481.7331	0.14782	12.91183	0.0137965814782604	passive
2452819.81458	0.14976	12.90243	0.00610845693818085	passive
2454946.88099	0.15151	12.94019	0.0453906119662655	passive
2454301.72038	0.15189	12.87273	-0.0217411752733305	active
2454563.72961	0.15201	12.90095	0.00658231801665465	passive
2455042.67459	0.15342	12.94068	0.0475234353012333	passive
2454639.80311	0.15428	12.81213	-0.0802916876629922	passive
2452078.8903	0.15886	12.89922	0.0106866955799934	passive
2454546.85082	0.16089	12.92334	0.0365303278145159	passive
2454349.63992	0.16092	12.86321	-0.023574142531956	passive
2452529.6645	0.16106	12.90674	0.0200750251020239	passive
2452129.608	0.16109	12.92116	0.03452056743191	passive
2452743.79648	0.16716	12.88597	0.0045769327981926	passive
2452143.7132	0.16773	12.87864	-0.00224893470853438	passive
2453673.50925	0.16849	12.8593	-0.0209126646449675	passive
2452498.6963	0.1689	12.90918	0.029334222673441	passive
2455287.82608	0.16972	12.8897	0.0105925991874027	passive
2452160.6245	0.17039	12.9083	0.029800722562511	passive
2452388.8298	0.17181	12.86964	-0.00755491475407233	passive
2452357.8416	0.17256	12.85796	-0.018536852867113	passive
2455445.61548	0.17703	12.60954	-0.262646611015171	active
2452033.8671	0.17788	12.85228	-0.0190579004173621	passive
2454901.88747	0.18107	12.86922	0.00113452731311625	active
2452791.73101	0.18151	12.87085	0.00322029932850398	passive
2453287.58359	0.18427	12.84905	-0.0156904371858371	passive
2454594.81273	0.18496	12.90244	0.0384285325693998	passive
2453129.81751	0.18523	12.85134	-0.0123856522639354	passive
2452853.72459	0.18611	12.68315	-0.17964220202162	active
2453098.82988	0.18618	12.8803	0.0175821615249721	passive
2455335.76816	0.18675	12.87734	0.0152282156131509	passive
2452112.7772	0.18701	12.83748	-0.0243550615623231	passive
2452949.52211	0.18942	12.81943	-0.0398352156633663	passive
2452901.64675	0.19607	12.80558	-0.0466410764776573	passive
2452870.65683	0.19621	12.85768	0.00560504429048336	passive
2454225.78196	0.19757	12.804	-0.0466628992975693	passive
2455414.68428	0.19801	12.666	-0.184209183787939	active
2454949.83027	0.19835	12.85764	0.0077802745167741	passive
2452019.8488	0.20209	12.84535	-0.000742609090051971	passive
2455304.82359	0.20298	12.85838	0.0131597065673716	passive
2454887.86793	0.20483	12.78594	-0.0575021400509836	active
2454642.76298	0.20489	12.85091	0.00752468383589111	passive
2452918.57865	0.20605	12.81622	-0.0260778813319149	passive
2453194.67817	0.20751	12.82082	-0.0201410628248233	active
2453659.53659	0.2089	12.83789	-0.00183393190804004	passive
2455242.86129	0.20948	12.83505	-0.00416862883323788	passive
2453115.79954	0.20956	12.81536	-0.0237894537832357	passive
2454952.67985	0.20981	12.83606	-0.00287410959217738	passive
2453146.79097	0.20996	12.85034	0.0115344901264489	passive
2452343.8648	0.2115	12.83859	0.00107763047594922	passive
2454304.70697	0.21198	12.74159	-0.0955297731617826	active
2454352.61605	0.2173	12.82085	-0.0122885815932321	passive
2452081.8756	0.21849	12.80894	-0.0234098619844989	passive
2455028.77447	0.21958	12.71075	-0.12091318421731	passive
2455352.77524	0.22341	12.8683	0.0387595609201288	passive
2454611.83208	0.22597	12.86932	0.0409267476055639	passive
2454597.74836	0.22696	12.83901	0.0109993939680102	passive
2454369.54921	0.22772	12.79168	-0.0360594942871266	passive
2454628.74493	0.22918	12.85824	0.0309672538657555	passive
2454755.52372	0.22929	12.64709	-0.180150418944407	active
2453273.62518	0.22973	12.83311	0.00599496308890757	passive
2452935.55098	0.23037	12.77293	-0.0540137920355956	passive
2452360.8267	0.23212	12.83432	0.00777835837412688	passive
2452391.818	0.23247	12.80707	-0.0194026151372615	passive
2454904.86932	0.23947	12.81813	-0.00771109001148673	passive
2453132.7953	0.2422	12.82963	0.00367666797970045	passive
2453290.57108	0.24468	12.74974	-0.0764731017032769	passive
2452453.8385	0.24664	12.60261	-0.223908125884392	active
2452005.8881	0.24674	12.80467	-0.0218659505600964	passive
2452329.8806	0.24781	12.81635	-0.0103900103429488	passive
2455321.85751	0.24917	12.84297	0.0159362993285139	passive
2453180.71017	0.24957	12.64308	-0.184047182569293	active
2454290.72661	0.24966	12.67568	-0.151468652323016	active
2452501.7475	0.25193	12.78261	-0.0451316162739079	passive
2452952.52067	0.25376	12.80744	-0.0208483944487465	passive
2453211.71593	0.25506	12.8342	0.0054882108398715	passive
2455031.6988	0.25757	12.82664	-0.00296578826838889	passive
2454273.84523	0.25762	12.63414	-0.195484569271203	active
2454338.6469	0.25895	12.76464	-0.0654973341935374	passive
2453101.86381	0.26307	12.83516	0.00328587368824884	passive
2455017.6408	0.26769	12.82452	-0.00952575030118297	passive
2453307.54388	0.26917	12.75267	-0.0821118121475433	passive
2455245.84712	0.2693	12.80596	-0.0288872654552357	passive
2454307.68845	0.27026	12.76023	-0.0751043258419202	active
2452053.8488	0.27038	12.82889	-0.0065056517482045	passive
2453135.69404	0.27111	12.83742	0.00164927774218349	passive
2454724.65195	0.27136	12.83361	-0.00228993420924084	passive
2452487.7171	0.27184	12.81854	-0.0176090588008559	passive
2452518.71	0.27276	12.79872	-0.0379101382373044	passive
2452070.7657	0.27503	12.86103	0.0231954588670682	passive
2452921.59084	0.27522	12.80693	-0.0310063086682781	passive
2454645.78988	0.27929	12.83468	-0.00547529395453594	passive
2455434.63875	0.28084	12.62487	-0.216154574609529	active
2455307.86281	0.28175	12.85769	0.016147519884159	passive
2454355.61498	0.28177	12.84607	0.00451607038296942	passive
2452118.6809	0.28252	12.85661	0.0146245466453205	passive
2452394.7765	0.28259	12.87013	0.0281040512744077	passive
2453293.50177	0.28493	12.8439	0.000497128897446686	passive
2452890.63463	0.28732	12.84524	0.00037929644392598	passive
2453149.82826	0.28805	12.85046	0.00514251086018902	passive
2452535.6596	0.28902	12.82286	-0.0230733956537961	passive
2453087.8518	0.28951	12.88282	0.0365714529998691	passive
2454372.54203	0.29002	12.87687	0.0302904786569247	passive
2455355.78443	0.29152	12.87493	0.0273588413055155	passive
2452332.8223	0.29196	12.83498	-0.0128873774986111	passive
2455048.70457	0.29376	12.84794	-0.00116577170655852	passive
2455276.90633	0.29376	12.83917	-0.00993577170655868	passive
2454938.83007	0.29383	12.84105	-0.00810482227306153	passive
2454907.84239	0.29476	12.82718	-0.0226330600216897	passive
2455324.81322	0.2983	12.87616	0.0237231285252086	passive
2455386.79552	0.2989	12.8176	-0.0353012968012383	passive
2454758.54854	0.30295	12.5693	-0.286899658597978	active
2455293.83689	0.30325	12.88436	0.0279041008580201	passive
2454600.78256	0.30395	12.89709	0.0400294917980482	passive
2453217.48958	0.30442	12.89405	0.036578191692616	passive
2455341.74127	0.3069	12.87817	0.0184543400881019	passive
2455375.55033	0.30742	12.82467	-0.0355323290390128	passive
2452876.60804	0.30859	12.83875	-0.0225685988978537	passive
2455372.73849	0.30936	12.87999	0.017920362623407	passive
2452363.8632	0.30992	12.85963	-0.0029941933803812	passive
2453648.553	0.31028	12.94365	0.0806655439383661	passive
2453104.82061	0.31259	12.83886	-0.0265080203493948	passive
2452924.51648	0.31368	12.86187	-0.00466719156631257	passive
2453245.68961	0.31401	12.84992	-0.0169769415892596	passive
2454276.825	0.31528	12.75058	-0.117726999145834	active
2454245.83495	0.31537	12.71567	-0.1527384832659	active
2452008.9043	0.31734	12.8648	-0.00588277044248642	passive
2454341.63405	0.31924	12.86824	-0.00473476890875268	passive
2452135.6932	0.32103	12.82742	-0.0478059799643287	passive
2453152.74175	0.32219	12.8653	-0.0114339926315363	passive
2454775.50762	0.32257	12.70034	-0.176896575576157	active
2454538.85593	0.3231	12.92806	0.0501152922245538	passive
2454293.75595	0.32492	12.72956	-0.150880975884114	active
2453197.82675	0.3251	12.76873	-0.111963377061084	active
2452521.675	0.32519	12.86815	-0.0126699532798806	passive
2455375.6035	0.32629	12.88934	0.0069530862695828	passive
2452473.7883	0.32781	12.84076	-0.0438508355987981	passive
2454231.78572	0.3286	12.83727	-0.048522461365927	passive
2453459.84567	0.32866	12.93689	0.0510070962743914	passive
2455468.58479	0.32998	12.52796	-0.359936882595033	active
2453428.86053	0.33049	12.88222	-0.00646711850378168	passive
2453262.64405	0.33198	12.94091	0.0498772617375689	passive
2454744.5439	0.332	12.62623	-0.264834586053434	active
2454648.76083	0.33382	12.86661	-0.0273909898883602	passive
2452538.6159	0.33836	12.91131	0.00968721404086281	passive
2452876.69293	0.33872	12.82831	-0.0739331783416564	passive
2452490.7265	0.34002	12.88867	-0.0158306921297076	passive
2455375.64232	0.34007	12.91679	0.0122019627991996	passive
2452349.8696	0.3429	12.93922	0.0296318201321313	passive
2452397.7694	0.34492	12.91351	0.000293585205877633	passive
2454279.72945	0.34622	12.74042	-0.175152766166415	active
2452025.8927	0.34737	12.92639	0.00872108357352452	passive
2452845.73391	0.34982	12.86707	-0.0550934846146003	passive
2452893.62989	0.35049	12.95358	0.0301821446382036	passive
2453090.84488	0.35191	12.91772	-0.00829902124775295	passive
2455375.68183	0.3541	12.95103	0.0209611064449717	passive
2453231.71662	0.3543	12.8928	-0.0376388650126795	passive
2452087.893	0.35436	12.82929	-0.101259853538812	passive
2452104.8005	0.35568	12.91657	-0.0164207467819786	passive
2453138.75058	0.35603	12.93234	-0.00129749846738569	passive
2453279.62004	0.35761	12.87284	-0.0637129760500201	passive
2453634.60746	0.36031	12.96034	0.0188301466134444	passive
2454761.52929	0.36096	12.63938	-0.303316495830716	active
2453651.52091	0.36374	12.98024	0.0325080242045583	passive
2455296.83379	0.367	12.97459	0.0210586287974888	passive
2455020.74615	0.36993	13.00242	0.0438025588065347	passive
2452090.7575	0.37112	12.9642	0.00355748605301898	passive
2452335.8659	0.37229	12.98216	0.0195519246026983	passive
2454327.70432	0.37489	12.93814	-0.0287368613684684	passive
2453248.6785	0.37492	12.95594	-0.0109852650838445	passive
2454989.77507	0.37675	12.97345	0.00360998452131511	passive
2455068.66222	0.37773	12.98515	0.0137788392527476	passive
2455375.74999	0.37829	12.99775	0.0255128859469096	passive
2455265.87563	0.37841	12.9798	0.00737815934468244	passive
2455392.65754	0.37962	12.76314	-0.211128384701052	active
2452073.8794	0.38024	12.96074	-0.0144634390151523	passive
2455375.75713	0.38083	12.97283	-0.0032564568895701	passive
2454730.60154	0.38316	12.94507	-0.034441659450744	passive
2455375.76424	0.38335	12.99041	0.0106232227504304	passive
2452752.85783	0.38348	12.98076	0.000785335724591718	passive
2455423.65947	0.38375	12.70711	-0.273253986007033	active
2454651.72157	0.38474	13.03579	0.0540087571095711	passive
2455375.77135	0.38587	12.98822	0.00484012103531306	passive
2454296.7452	0.38595	12.80196	-0.181532311730949	active
2455375.77847	0.3884	12.98551	-0.00138045722947311	passive
2453107.85451	0.38947	12.97816	-0.0101886890150169	passive
2452493.6951	0.39373	13.01531	0.0212912856758045	passive
2453265.64066	0.39563	12.95594	-0.0405473692395137	passive
2452879.67147	0.39595	12.97358	-0.0233200140986938	passive
2454361.57162	0.39608	12.96652	-0.0305474091821267	passive
2455375.80059	0.39625	13.00043	0.00314389681287963	passive
2455375.80773	0.39879	12.9053	-0.0952279142712307	passive
2455023.65487	0.40238	13.07764	0.0725965543398708	passive
2454589.79069	0.40239	13.03349	0.0284340595640131	passive
2452927.58472	0.40275	12.97652	-0.0289855045393068	passive
2454634.88053	0.40701	12.98191	-0.0288891635170678	passive
2454716.58994	0.40975	12.9672	-0.0469946548918259	passive
2452124.6804	0.41204	13.00476	-0.0122791315277855	passive
2453141.72811	0.4129	12.99413	-0.0239807515365413	passive
2452865.64673	0.41788	13.02226	-0.00211963557393702	passive
2453282.60767	0.41807	13.04214	0.0175183685408253	passive
2452462.7784	0.41985	12.87783	-0.149071614180299	active
2454234.86189	0.42049	12.98162	-0.0461075276835814	passive
2452738.8768	0.42092	13.00492	-0.0233644138028435	passive
2454558.8551	0.4218	13.04257	0.0131407051888672	passive
2454699.72137	0.42226	13.01031	-0.0197206645010262	passive
2452896.65613	0.42465	13.04615	0.0129597706602631	passive
2452076.8253	0.42589	13.02966	-0.00519457984044713	passive
2455457.59104	0.42775	12.74563	-0.29175180331967	active
2453299.54338	0.42939	13.04758	0.00794378095495318	passive
2453110.78544	0.42981	13.03017	-0.0100469484803671	passive
2454330.67654	0.42988	13.09916	0.0588461413129302	passive
2452093.7482	0.43267	13.03294	-0.0112605005379312	passive
2452369.8482	0.4343	13.08539	0.0389023790019234	passive
2452338.8635	0.43629	13.03129	-0.0179987209693007	passive
2454575.80293	0.43743	13.07757	0.0266750338288926	passive
2454299.70798	0.43759	12.95841	-0.0927103847413129	active
2453251.67349	0.43799	13.07646	0.0247761521811665	passive
2455347.74661	0.4385	13.10827	0.0558679909562834	passive
2455426.63345	0.43936	12.81779	-0.2358220383716	active
2453448.89385	0.44131	13.04793	-0.00841813015072823	passive
2452834.72775	0.44319	12.83312	-0.225850500330429	passive
2455378.7503	0.44325	13.0691	0.010046131945133	passive
2453203.80684	0.44773	13.06288	-0.00232044578945789	active
2452854.46306	0.44823	12.83096	-0.234914812767594	active
2452158.5962	0.45045	13.07166	0.00282634987996389	passive
2452741.77917	0.45111	13.04635	-0.0233511215821682	passive
2452141.6976	0.45229	13.06987	-0.00136669248422372	passive
2455285.80736	0.45317	13.11506	0.0426917723311284	passive
2452496.6835	0.45446	13.06293	-0.011074359050939	passive
2454623.74615	0.45487	13.09999	0.0254715516544763	passive
2454316.6619	0.45538	13.03921	-0.0359437689155833	passive
2452817.85862	0.4555	13.08269	0.00738742649161317	passive
2455057.61966	0.45817	13.13848	0.0599378199237499	passive
2454654.75545	0.46161	13.10663	0.0241366012287081	passive
2453127.77978	0.46194	13.09726	0.0144020542874603	passive
2452882.67633	0.46253	13.07507	-0.00843299909744566	passive
2452465.7161	0.46259	12.94909	-0.134478109192397	active
2453158.773	0.46298	13.10798	0.0239909036448136	passive
2453268.65001	0.4638	13.06588	-0.0189814433096256	passive
2455254.84858	0.46436	13.13379	0.0483430059968164	passive
2455040.73611	0.46536	13.1176	0.0311285761215743	passive
2452355.8496	0.4655	13.11607	0.0294573690259021	passive
2453640.54302	0.46714	13.08708	-0.00114496017116217	passive
2452031.8726	0.46994	13.09664	0.00584968968091104	passive
2452386.8541	0.47054	13.10789	0.0165824115832862	passive
2454702.67709	0.47139	13.07969	-0.012329940201866	passive
2454268.81737	0.47298	12.93291	-0.160376121821846	active
2454333.61582	0.47317	13.17506	0.0816285021624577	passive
2455412.64268	0.47334	12.92054	-0.173020478678774	active
2452947.52472	0.48045	13.03317	-0.0648353646046615	passive
2453175.73893	0.48503	13.12215	0.022233233641197	passive
2455429.57996	0.48523	12.95506	-0.144924018607011	active
2453237.72359	0.48647	13.09975	-0.00062144609491277	passive
2452789.77823	0.48837	13.05316	-0.0477077884784709	passive
2452868.66362	0.48872	13.05278	-0.0481665687311761	passive
2454885.8548	0.49027	13.10289	0.00164107831611027	active
2454592.85822	0.4912	13.04933	-0.0520643475958487	passive
2454947.84359	0.49318	13.26431	0.162694142605037	passive
2454626.67665	0.49505	13.12808	0.0263626297611275	passive
2452372.837	0.49517	13.13033	0.0286096214353329	passive
2453657.52664	0.49547	13.13584	0.034113930324148	passive
2452482.717	0.49705	13.09705	-0.00466332271447811	passive
2452127.7386	0.49755	13.14791	0.0462154957129695	passive
2452017.8692	0.49943	13.15174	0.050178624899214	passive
2452916.593	0.50124	13.013	-0.0883419497457432	passive
2453254.66939	0.50138	13.05546	-0.0458613328697197	passive
2453420.89416	0.50283	13.10882	0.00774250023109246	passive
2453113.81502	0.50515	13.11612	0.0155452016776465	passive
2452079.8693	0.50635	13.08953	-0.0107318806453236	passive
2454302.72139	0.5072	13.08289	-0.0171289393887566	active
2452758.84735	0.50946	13.02968	-0.0696092334964487	passive
2453192.72781	0.51523	12.99023	-0.106672716519324	active
2454933.82427	0.51703	13.2221	0.12608639172268	passive
2452499.6794	0.51785	13.10141	0.00582297384812591	passive
2453640.68973	0.51921	12.84516	-0.249690616452011	passive
2454350.65011	0.51949	13.10032	0.00562539584607435	passive
2453674.50112	0.52056	13.14627	0.0521851490744893	passive
2454688.73069	0.52112	13.15843	0.0646727215401253	passive
2452468.7019	0.5224	13.08855	-0.0044372186730488	passive
2452389.8229	0.52431	13.13219	0.040405423069295	passive
2452358.8351	0.5252	13.16399	0.0727870171746829	passive
2454564.78194	0.52554	13.11837	0.0273926765473842	passive
2452144.724	0.52651	13.18406	0.0937370249442768	passive
2452933.57161	0.5278	13.10023	0.0108015092473135	passive
2453271.65255	0.52955	13.0669	-0.0212706156376488	passive
2454367.58668	0.53112	13.13804	0.0510415675445	passive
2453223.7646	0.53173	13.0656	-0.0209318171114532	passive
2453643.54522	0.53277	13.10179	0.016068189075682	passive
2452327.8789	0.53731	13.10431	0.022338775988489	passive
2454998.69102	0.54147	13.07228	-0.00594562236408791	passive
2453288.5947	0.54316	13.05717	-0.0194488922062384	passive
2452130.6905	0.54533	13.06218	-0.0123032810888173	passive
2454240.84885	0.54556	12.8413	-0.232952130995395	active
2455463.55804	0.54574	12.75848	-0.315590588578848	active
2453130.83362	0.5459	13.07494	0.00103125615433441	passive
2453240.70972	0.5464	13.07365	0.000249896323943233	passive
2452744.86922	0.54793	13.0523	-0.0195165567402782	passive
2452854.74553	0.5485	12.87644	-0.19477613976486	active
2454888.8406	0.55008	12.99449	-0.0750320346976761	active
2454257.77844	0.55471	12.83612	-0.228184205381	active
2454550.7826	0.55647	13.08075	0.0185289848343562	passive
2452051.8399	0.55732	13.06318	0.00198485321539721	passive
2452116.6406	0.55832	13.13369	0.0737182981565461	passive
2452761.80841	0.56049	13.04028	-0.0169751367641435	passive
2454353.58317	0.56058	13.09729	0.0401493603458558	passive
2452516.7046	0.56094	13.02151	-0.0351711920391331	passive
2452344.8495	0.56102	13.07263	0.0160512246109139	passive
2453660.52884	0.5611	13.05435	-0.00212624335634004	passive
2454674.75884	0.56181	13.03167	-0.0238912121970447	passive
2454305.6939	0.56229	12.97784	-0.0770974424565019	active
2452020.8722	0.56535	13.05974	0.00887719865663961	passive
2453257.66704	0.5654	12.98278	-0.06801481014468	passive
2454629.70168	0.56878	13.03728	-0.00881282238129621	passive
2455353.7529	0.57043	13.06678	0.0230585364640241	passive
2453164.72231	0.57468	13.05248	0.0150977836073984	passive
2452068.7962	0.57596	13.04274	0.00733252812688967	passive
2452485.7622	0.57795	12.99752	-0.034759184693991	passive
2454274.75485	0.58048	12.72812	-0.3000863036526	active
2454291.66187	0.58163	12.8861	-0.140221937622456	active
2453195.73814	0.58375	12.95022	-0.0725779613388084	active
2455274.9102	0.58523	13.03748	0.0171782529733058	passive
2454370.56062	0.58672	13.02419	0.00642908166559764	passive
2453677.5085	0.58803	13.03104	0.0155344175944556	passive
2454708.64865	0.59099	13.04203	0.031687194590349	passive
2452330.8711	0.59939	13.00356	0.00825317161885231	passive
2452502.7335	0.60191	12.99614	0.00541732105374138	passive
2452874.61735	0.60199	12.98485	-0.00572682132184887	passive
2454756.5742	0.60215	12.75401	-0.236275055762317	active
2452006.8975	0.60503	12.94325	-0.0417744958629012	passive
2455497.53371	0.60539	12.57884	-0.405526146874974	active
2453102.83675	0.60842	13.01694	0.0381154726262931	passive
2454339.63208	0.60864	13.0255	0.0470776160450583	passive
2455260.8925	0.60965	12.99109	0.0145129191153135	passive
2452054.8155	0.61351	12.98339	0.0138422086577226	passive
2452361.9064	0.61536	12.97727	0.0110712189164062	passive
2454646.74273	0.6175	12.84711	-0.115237519615023	passive
2453426.85505	0.61864	12.99486	0.0345522439454182	passive
2452347.8366	0.62129	12.95167	-0.00393387803605272	passive
2452519.6946	0.62224	12.95642	0.00248799093833441	passive
2453308.53902	0.62239	12.93015	-0.0235187867406559	passive
2453212.75454	0.62371	12.95003	-0.00133179512290127	passive
2454891.86771	0.62456	12.84908	-0.10080555587338	active
2452922.57597	0.6249	12.95488	0.00558279461909628	passive
2452488.7119	0.62494	12.96338	0.0141519298912094	passive
2452874.6858	0.62629	12.95767	0.0107649598836019	passive
2453212.76288	0.62667	12.94585	-0.000404754661932571	passive
2452023.867	0.62835	12.91949	-0.0239087861980245	passive
2454677.76531	0.62896	12.9341	-0.00826945850836935	passive
2455356.7623	0.63861	12.88175	-0.0448790608450871	passive
2453088.83649	0.63903	12.91862	-0.00734720119570653	passive
2454260.83432	0.6394	12.71349	-0.211895739392959	active
2452536.6486	0.64006	12.91123	-0.0131222702722589	passive
2453277.6069	0.64304	12.8072	-0.112545575303827	passive
2454277.75146	0.64413	12.77555	-0.142534945414829	active
2453294.51922	0.64607	12.94339	0.0282283739045415	passive
2455435.67362	0.64817	12.64753	-0.264513831786532	active
2454759.53683	0.65374	12.65472	-0.249289115307695	active
2452891.66915	0.65453	12.89399	-0.00890717174669398	passive
2452333.8458	0.65526	12.88104	-0.0208357831498827	passive
2453167.76919	0.65617	12.91735	0.0167392447232739	passive
2454584.87391	0.65718	12.91618	0.0169626176873141	passive
2452009.8657	0.65859	12.87507	-0.0222209538418845	passive
2452364.8484	0.65962	12.88328	-0.0126175351641979	passive
2453632.63425	0.65992	12.86932	-0.0261738810430341	passive
2453649.54218	0.66139	12.92414	0.0306097025446235	passive
2452877.60222	0.66147	12.89154	-0.00188411834276181	passive
2453246.68557	0.66753	12.87114	-0.0144459292801322	passive
2454539.82869	0.66838	12.91369	0.0291711372111738	passive
2454956.79267	0.66966	12.87323	-0.00969700700866305	passive
2455500.53224	0.66972	12.57978	-0.30307283176095	active
2452136.6801	0.67133	12.90254	0.0216627214063525	passive
2453429.82286	0.67207	12.86401	-0.0159688439303611	passive
2455294.88655	0.67583	12.88709	0.0115828940696918	passive
2455342.78376	0.67694	12.86743	-0.00678696145295987	passive
2454987.81284	0.68026	12.86937	-0.00107225150498813	passive
2452925.56711	0.6866	12.84845	-0.0151509439946587	passive
2452474.8013	0.68738	12.80118	-0.0616140287706664	passive
2454342.67259	0.68787	12.86244	0.000148863803410393	passive
2452105.7386	0.68866	12.90001	0.038523071394021	passive
2455390.72454	0.6935	12.80699	-0.0497514073345453	passive
2455438.61942	0.69378	12.68075	-0.175726639115741	active
2453153.79501	0.69604	12.87246	0.0180802333167023	passive
2452539.6266	0.6971	12.85566	0.00223876317208571	passive
2454359.60819	0.69916	12.86442	0.0128151016168374	passive
2452894.6192	0.70165	12.88303	0.0335370524918854	passive
2452350.885	0.70332	12.85024	0.00211118179579906	passive
2454762.50955	0.70891	12.68593	-0.15794838532252	active
2453232.71593	0.70901	12.81251	-0.0312968823543471	passive
2455328.79039	0.70999	12.86325	0.0201352341344396	passive
2453139.75205	0.7115	12.83881	-0.00326918550036837	passive
2452088.9024	0.71265	12.74757	-0.0937458766231458	passive
2454666.73199	0.71268	12.85016	0.00886373966791432	passive
2453280.6228	0.71354	12.79513	-0.045610368896412	passive
2452953.82385	0.71632	12.97062	0.131590463993527	passive
2454556.86756	0.71633	12.84051	0.00148637803181728	passive
2454345.57513	0.71813	12.84512	0.00713249351796996	passive
2455038.63683	0.72022	12.84342	0.00656383168182018	passive
2454525.88828	0.72024	12.85083	0.013984281475496	passive
2453652.52744	0.72101	12.81204	-0.0244088719547584	passive
2455021.73619	0.72134	12.83802	0.00173793029447644	passive
2452508.7046	0.72135	12.84004	0.00376295413831684	passive
2454911.86355	0.72207	12.82383	-0.0120900999557882	passive
2453249.67053	0.72704	12.81327	-0.0204463463362057	passive
2454973.87153	0.73179	12.86213	0.0301039618436558	passive
2454297.72019	0.73203	12.74972	-0.0822308789776063	active
2452091.7775	0.73317	12.83838	0.00677314380928173	passive
2453218.69917	0.73376	12.83042	-0.00101713371138068	passive
2452074.8941	0.74041	12.80631	-0.0235869068711203	passive
2453125.75115	0.74188	12.81955	-0.0100937164819186	passive
2452739.78363	0.7428	12.79904	-0.0304603541795103	passive
2454897.83627	0.74309	12.76484	-0.0646175267611682	active
2452384.8055	0.74339	12.82457	-0.00484440121860885	passive
2453669.4973	0.74445	12.84657	0.0172984931463915	passive
2454314.66244	0.74567	12.6964	-0.132724986151603	passive
2454779.51849	0.74623	12.72496	-0.10410402086338	active
2454652.74509	0.74804	12.83696	0.00806671834741302	passive
2455376.79896	0.75062	12.78428	-0.044436605739028	passive
2453266.64784	0.75313	12.78034	-0.0482756080595319	passive
2452353.8427	0.75315	12.8409	0.0122849287189322	passive
2455283.84121	0.75529	12.82755	-0.00103105145021765	passive
2455376.81265	0.75548	12.77394	-0.0546402222185005	passive
2454748.56483	0.75923	12.70406	-0.124572553841256	active
2452542.6221	0.76036	12.8055	-0.0231725831475877	passive
2453463.88774	0.76339	12.85732	0.0284895486848953	passive
2453283.58118	0.76361	12.86083	0.0319853744131411	passive
2455489.52795	0.76375	12.5693	-0.259553828306148	active
2454362.60806	0.76396	12.86535	0.0364821032039391	passive
2452753.93119	0.76447	12.81669	-0.0122133685194079	passive
2454959.88035	0.76563	12.83747	0.0084792437169412	passive
2452156.6747	0.76841	12.82696	-0.00227570228557994	passive
2452463.7609	0.76859	12.72973	-0.0995231814147886	active
2452897.63412	0.77179	12.85863	0.0290364940627992	passive
2453156.8301	0.77335	12.8157	-0.0140779146492314	passive
2453638.59117	0.77433	12.83741	0.00751074227819615	passive
2454765.52356	0.77873	12.69654	-0.133956200917536	active
2453142.76342	0.78038	12.8202	-0.0105481776801568	passive
2454235.87846	0.78132	12.77336	-0.0575403575703763	passive
2454559.86806	0.78135	12.83802	0.00711467452739356	passive
2454993.73725	0.78313	12.8222	-0.00901331182294385	passive
2454300.68658	0.78495	12.73354	-0.0980175929778664	active
2453655.53125	0.78721	12.88739	0.0553579191444005	passive
2454734.55905	0.78788	12.63941	-0.192773720840842	active
2454914.86949	0.78903	12.86134	0.0288834116203684	passive
2453204.7747	0.79127	12.75759	-0.0754469798269497	active
2454545.80964	0.79132	12.86161	0.0285592866956446	passive
2455269.85692	0.79157	12.86235	0.02923008962963	passive
2454545.81037	0.79158	12.84944	0.016317303300724	passive
2455348.74161	0.79167	12.88536	0.0522121621595755	passive
2452339.8665	0.7923	12.84009	0.00676290491476372	passive
2452742.74726	0.79474	12.84618	0.0121021811409161	passive
2454283.81569	0.79663	12.77555	-0.0591752355143704	active
2455410.75202	0.80225	12.64129	-0.195744095301844	active
2452046.8957	0.80238	12.83505	-0.00204489495091131	passive
2452756.85723	0.80307	12.82754	-0.00988357587481303	passive
2452370.8873	0.80313	12.85546	0.0180073638256228	passive
2455475.55467	0.80394	12.58331	-0.254542571488798	active
2452063.8051	0.80437	12.83052	-0.00755072163402204	passive
2453159.73672	0.80505	12.85462	0.0161958801594295	passive
2452015.9157	0.80604	12.8149	-0.0240574236824163	passive
2452931.54588	0.80876	12.8376	-0.00294201737386857	passive
2454931.82945	0.80897	12.87342	0.0327481135823486	passive
2454751.52723	0.81073	12.66483	-0.176974434875788	active
2453672.50345	0.81149	12.83479	-0.00752840725839299	passive
2452356.8262	0.81214	12.86318	0.020409784131175	passive
2452032.8375	0.81243	12.83011	-0.0128654770894343	passive
2454686.73923	0.81425	12.90133	0.0570133136531581	passive
2454900.85438	0.81437	12.81209	-0.0323183859283596	active
2452128.6334	0.81516	12.8514	0.00637762807283337	passive
2454252.87822	0.81538	12.74578	-0.0994165642147475	active
2452142.7207	0.81544	12.87298	0.0277356843099934	passive
2452466.7103	0.81548	12.78436	-0.0609162083517099	passive
2454365.57444	0.81688	12.83768	-0.00874217271012867	passive
2452497.7057	0.81729	12.82961	-0.0171588602693724	passive
2452742.81373	0.81833	12.86457	0.0168987660127744	passive
2452159.6328	0.81839	12.8375	-0.010224309771127	passive
2454576.8772	0.81874	12.86602	0.0179838512760711	passive
2454962.84814	0.81904	12.84238	-0.00592648429805642	passive
2454286.70843	0.82341	12.60006	-0.252513738980301	active
2455013.57643	0.82504	12.90166	0.0473303177420483	passive
2454655.7866	0.82762	12.88961	0.0323142861539374	passive
2452883.70839	0.82886	12.83376	-0.0250383446624625	passive
2452742.85532	0.83309	12.94282	0.0785563860110283	passive
2455334.77408	0.8339	12.92294	0.0575750951360092	passive
2452001.9154	0.83663	12.87547	0.00627874026046449	passive
2453097.85542	0.8403	12.87584	0.00126022405557258	passive
2454768.52247	0.84319	12.82532	-0.0536653183274076	active
2452869.67091	0.84626	12.90636	0.0225733613420029	passive
2452373.8315	0.84817	12.9551	0.0682780843850388	passive
2452049.8468	0.84987	12.89478	0.00523366712624451	passive
2453303.54648	0.85029	12.88114	-0.00908202379450351	passive
2452742.90434	0.85049	12.93049	0.0399459141077632	passive
2452483.7188	0.85264	12.90586	0.0118441366600592	passive
2454737.56316	0.85419	12.79412	-0.102405209243059	active
2454579.79863	0.85571	12.95518	0.0561936452769167	passive
2454334.69446	0.85604	12.90609	0.00656968451919759	passive
2453658.54453	0.85677	12.9274	0.0266993627295165	passive
2452145.6556	0.85719	12.91404	0.0126609557717412	passive
2452018.8774	0.85729	12.90622	0.00467951675595835	passive
2455241.87051	0.8578	12.95041	0.0480467590412665	passive
2455075.65452	0.85964	12.86847	-0.0368514248028635	passive
2454272.72496	0.85998	12.80033	-0.105535899220561	active
2454917.88992	0.86113	12.96299	0.0552885991311989	passive
2452390.7731	0.86159	12.90374	-0.00469267500771586	passive
2452917.60864	0.86174	12.87941	-0.0292607402043412	passive
2454255.83256	0.86402	12.7094	-0.202862287580555	active
2455272.87962	0.86448	12.94334	0.0303599824134615	passive
2453114.83073	0.86568	12.94497	0.0301300864892085	passive
2452097.7903	0.86741	12.93711	0.0196238351919007	passive
2453131.74529	0.8695	12.93386	0.0132402136281602	passive
2452790.85205	0.86952	12.92649	0.00584059377229273	passive
2454548.86122	0.87448	12.9249	-0.0028454303831662	passive
2452066.8214	0.875	12.93368	0.00522257142857185	passive
2453675.50605	0.87726	13.00003	0.0685544107374323	passive
2455478.57863	0.87729	12.6645	-0.267014842668495	active
2454351.65885	0.87754	12.89552	-0.0363211521222215	passive
2454965.83194	0.87814	12.89828	-0.0343385097114197	passive
2453272.63657	0.87883	12.95897	0.0254674426450219	passive
2452080.9333	0.88402	12.92182	-0.0180186617855149	passive
2454754.55743	0.8863	12.88425	-0.0582157707098592	active
2452131.6586	0.88895	12.90963	-0.0357869141549081	passive
2453644.55115	0.88982	12.95178	0.00541582558168763	passive
2452328.8728	0.89009	12.97098	0.0243238639954804	passive
2452886.69896	0.89036	12.96921	0.0222628297692307	passive
2452359.866	0.89112	12.96119	0.0134284653672285	passive
2453289.57657	0.89168	12.9494	0.00104282368079822	passive
2453100.82294	0.89362	12.94593	-0.00446378551224136	passive
2453162.81382	0.89727	12.94471	-0.00941929959940602	passive
2452500.7517	0.89847	12.97495	0.0196147620976106	passive
2455258.88902	0.89852	12.9236	-0.0317852880996181	passive
2453193.81388	0.90073	12.8293	-0.128284053872683	active
2454771.50578	0.90212	12.83156	-0.127395949672858	active
2452021.8269	0.90422	12.99339	0.0323719883578484	passive
2454920.82925	0.90445	13.00474	0.0434966512409058	passive
2453306.52201	0.90646	12.91742	-0.0457909435592274	passive
2452903.65312	0.90823	12.9659	0.000955274573009035	passive
2452517.6868	0.90958	12.97296	0.0066893046055263	passive
2453241.73529	0.91042	12.94547	-0.0216282862122004	passive
2453210.76087	0.91606	12.96654	-0.00620371400079911	passive
2453134.69508	0.91653	13.01008	0.0368561942164547	passive
2453424.88325	0.91875	13.00546	0.0299418356832266	passive
2452841.70395	0.91939	12.92742	-0.0487685962359077	passive
2452117.6624	0.92101	13.00609	0.0281841894163843	passive
2453661.54586	0.92209	13.03118	0.0521120033814206	passive
2453258.67384	0.92276	12.92844	-0.0513564971877489	passive
2454644.78694	0.92329	13.00051	0.0201329562771928	passive
2452920.59948	0.92334	12.917	-0.0634320118061034	passive
2452345.8752	0.92509	13.00401	0.021631450644259	passive
2454740.58479	0.92672	12.79768	-0.186551990756971	active
2454258.82785	0.9272	12.85521	-0.129574648750772	active
2452069.7862	0.92736	12.99662	0.0116504881145882	passive
2452486.7544	0.93013	13.00782	0.0196049368498645	passive
2454275.74068	0.9304	12.87352	-0.115015416702036	active
2452796.66038	0.93119	12.97656	-0.0129161426369571	passive
2453292.51836	0.93586	12.96385	-0.0312592769435867	passive
2454551.85587	0.93743	13.01338	0.0163639424000888	passive
2454292.66613	0.93809	12.94642	-0.0513974132490382	active
2453678.50394	0.94136	12.9774	-0.0243707211478323	passive
2454371.56016	0.94151	13.02024	0.0182890624942065	passive
2454968.82905	0.94197	13.01181	0.00930724884851664	passive
2452937.56467	0.94513	12.93573	-0.0705196021448984	passive
2452052.937	0.94674	12.9973	-0.0108205579571496	passive
2452748.81084	0.947	12.98149	-0.0269297685008976	passive
2454709.65658	0.94876	13.01962	0.00919900120278783	passive
2455433.70439	0.94919	12.85767	-0.153233033587366	active
2455340.73462	0.94959	13.02347	0.0121211792349172	passive
2452810.80478	0.95174	12.9657	-0.0479982122303539	passive
2454630.78066	0.95177	13.0323	0.0185695989008678	passive
2454757.56048	0.95223	12.94509	-0.0691317915652654	active
2454661.77644	0.95371	13.03325	0.0174760925477031	passive
2452472.7395	0.95554	13.03422	0.0165927324149653	passive
2452331.8829	0.95852	12.99646	-0.0240102947391598	passive
2455388.65856	0.96018	13.04705	0.0251007080636931	passive
2452007.9008	0.96115	13.01583	-0.00694578616175967	passive
2454537.83716	0.96149	13.06464	0.0415813866528669	passive
2453261.61136	0.96543	13.00115	-0.0249069750578492	passive
2454261.76053	0.96815	12.97215	-0.055649962579869	active
2453633.50858	0.97027	13.00358	-0.0253740113760745	passive
2452875.66053	0.97227	13.01881	-0.0110564932136352	passive
2454726.62665	0.97228	13.0293	-0.000570607955257429	passive
2455064.7047	0.97301	12.99156	-0.0385986362017459	passive
2454340.65985	0.97345	13.09739	0.0670696549442127	passive
2455309.81296	0.97396	13.04086	0.0103635907253441	passive
2453103.86672	0.97401	12.99753	-0.0329830073343373	passive
2452024.8422	0.9745	13.02224	-0.008429342245444	passive
2454923.84637	0.97537	13.05911	0.0281917057072043	passive
2453309.53535	0.97604	13.01592	-0.0151650510109036	passive
2453427.86617	0.97754	13.0572	0.0258182010501287	passive
2455436.60989	0.9805	13.01878	-0.0128925268916475	active
2452520.7078	0.98188	13.02769	-0.00399244631424622	passive
2452489.7203	0.98287	13.0147	-0.0169432611928126	passive
2454357.59211	0.98355	13.07513	0.0435352569241481	passive
2454278.70774	0.98356	12.98545	-0.0461439010113089	active
2453151.79437	0.98592	13.04312	0.0118250679424268	passive
2452923.59678	0.98723	13.0288	-0.00224693485314909	passive
2452365.7718	0.98738	13.0365	0.00548500423410658	passive
2455326.76242	0.99016	13.05111	0.0208106567121575	passive
2454940.79419	0.991	13.06264	0.0326004121286854	passive
2453230.6942	0.99139	13.00752	-0.022392570366577	passive
2452103.7763	0.99214	13.03671	0.00705273688668306	passive
2454571.74333	0.99648	13.04443	0.0165072385620721	passive
2453295.51318	0.99887	13.05163	0.0248216152196914	passive
2453278.6099	0.99906	13.02943	0.00271426778845729	passive
